1 0.187760 0.464120 0.028125 0.058796
1 0.205469 0.345139 0.027083 0.077315
1 0.247656 0.282176 0.020313 0.044907
1 0.247396 0.244676 0.023438 0.048611
1 0.252214 0.198611 0.020573 0.045370
1 0.253385 0.166435 0.020833 0.040278
0 0.256641 0.137269 0.014323 0.031019
0 0.268099 0.097222 0.019531 0.035185
0 0.284245 0.032407 0.015885 0.026852
0 0.281510 0.016435 0.013021 0.023611
0 0.244271 0.010880 0.015625 0.020833
0 0.243750 0.034491 0.014583 0.036574
0 0.400781 0.096528 0.017708 0.036574
0 0.422786 0.062037 0.014844 0.032407
0 0.418620 0.039583 0.014323 0.027315
0 0.430990 0.037731 0.015625 0.033796
0 0.441406 0.161806 0.020833 0.040278
0 0.219401 0.070139 0.019531 0.034722
0 0.236068 0.074537 0.013802 0.029630
0 0.233333 0.096991 0.014583 0.026389
0 0.232682 0.134491 0.015885 0.027315
0 0.230078 0.155787 0.013802 0.029167
0 0.227995 0.183102 0.014844 0.031019
0 0.192448 0.250000 0.019792 0.043519
0 0.177474 0.251157 0.020052 0.046759
0 0.186849 0.331713 0.016927 0.043981
0 0.241927 0.313657 0.017708 0.033796
0 0.178646 0.393981 0.021354 0.050926
0 0.157292 0.389120 0.020313 0.054167
0 0.166016 0.438657 0.016406 0.043056
0 0.142187 0.605324 0.025521 0.066204
0 0.474740 0.560648 0.025521 0.074074
0 0.127083 0.764815 0.033333 0.073148
0 0.080469 0.805556 0.030208 0.078704
0 0.106120 0.878241 0.026823 0.065741
0 0.077734 0.893750 0.028906 0.076389
0 0.093880 0.950231 0.027344 0.081019
0 0.188932 0.924306 0.028906 0.088426
0 0.509896 0.525463 0.026042 0.057407
0 0.523177 0.597222 0.031771 0.068519
0 0.500130 0.718056 0.034635 0.076852
0 0.527474 0.882407 0.028906 0.071296
0 0.581901 0.910185 0.031510 0.090741
0 0.623047 0.872917 0.046094 0.084722
0 0.487891 0.274074 0.023177 0.045370
0 0.484245 0.234954 0.038802 0.028241
0 0.486719 0.195139 0.020313 0.040278
0 0.469010 0.195602 0.016667 0.034722
0 0.470833 0.118981 0.020313 0.040741
0 0.462500 0.073148 0.018750 0.038889
0 0.447786 0.033333 0.014844 0.025926
0 0.610938 0.058102 0.020833 0.036574
0 0.590365 0.071296 0.019271 0.028704
0 0.624219 0.093287 0.023438 0.036574
0 0.599349 0.025000 0.019010 0.028704
0 0.665234 0.192593 0.024740 0.045370
1 0.446875 0.054861 0.019271 0.045833
1 0.683464 0.231250 0.030990 0.044907
0 0.698698 0.280787 0.038021 0.054167
0 0.748568 0.284028 0.034115 0.040278
0 0.970703 0.453009 0.027865 0.048611
0 0.951172 0.416204 0.035677 0.061111
0 0.912240 0.348380 0.033333 0.053241
0 0.916146 0.273148 0.029687 0.038889
0 0.929427 0.239120 0.031250 0.029167
