1 0.167448 0.482176 0.028125 0.056944
1 0.180729 0.356481 0.028646 0.074074
1 0.221484 0.295833 0.023698 0.044444
1 0.223698 0.259028 0.020833 0.037500
1 0.225130 0.211343 0.021094 0.043056
1 0.227604 0.177546 0.020833 0.036574
1 0.419661 0.061111 0.015885 0.041667
1 0.657813 0.221528 0.030729 0.047685
0 0.671354 0.268981 0.035937 0.046296
0 0.639323 0.182639 0.025000 0.039352
0 0.597656 0.090972 0.024479 0.042130
0 0.583984 0.056944 0.022656 0.038889
0 0.570573 0.024074 0.018750 0.029630
0 0.465625 0.275926 0.028125 0.047222
0 0.462891 0.234028 0.038802 0.036574
0 0.445443 0.199074 0.021094 0.035185
0 0.463802 0.197222 0.024479 0.037963
0 0.417448 0.164120 0.019792 0.033796
0 0.443359 0.118287 0.024740 0.040278
0 0.433984 0.075694 0.017448 0.032870
0 0.395573 0.066435 0.020833 0.036574
0 0.403776 0.043981 0.016927 0.033333
0 0.419271 0.037963 0.014583 0.023148
0 0.390365 0.042361 0.016146 0.026389
0 0.373828 0.100694 0.021615 0.042130
0 0.494922 0.525694 0.030990 0.060648
0 0.509505 0.592130 0.037760 0.074074
0 0.459505 0.561343 0.028906 0.067130
0 0.489193 0.717593 0.036198 0.078704
0 0.519141 0.879861 0.030990 0.064352
0 0.574089 0.896991 0.034115 0.092130
0 0.617188 0.867130 0.048958 0.085185
0 0.945703 0.424769 0.030990 0.048611
0 0.922917 0.394444 0.033333 0.049074
0 0.882812 0.325000 0.030729 0.052778
0 0.888281 0.258796 0.028125 0.040741
0 0.898307 0.214583 0.027865 0.031944
0 0.725130 0.275231 0.032552 0.036574
0 0.180599 0.947454 0.025781 0.081019
0 0.083854 0.968287 0.027604 0.063426
0 0.094141 0.909722 0.025781 0.056481
0 0.064714 0.929630 0.030469 0.083333
0 0.064714 0.831713 0.032031 0.079167
0 0.112630 0.791435 0.031510 0.068981
0 0.124089 0.628009 0.027344 0.056944
0 0.144141 0.459259 0.020052 0.043519
0 0.136328 0.414120 0.017969 0.054167
0 0.153906 0.412269 0.017188 0.048611
0 0.161719 0.353704 0.018750 0.039815
0 0.217969 0.333102 0.016146 0.041204
0 0.166406 0.268287 0.018229 0.042130
0 0.152083 0.272454 0.016667 0.043056
0 0.201693 0.196759 0.019531 0.032407
0 0.201432 0.171296 0.016927 0.030556
0 0.203516 0.146296 0.017969 0.027778
0 0.230599 0.149306 0.017448 0.028241
0 0.239323 0.105787 0.016667 0.031944
0 0.205990 0.109028 0.015104 0.023611
0 0.207292 0.086574 0.017708 0.025000
0 0.187630 0.080324 0.023177 0.035648
0 0.213151 0.045370 0.018490 0.031481
0 0.214453 0.019676 0.017448 0.030093
0 0.252344 0.026157 0.016667 0.024537
0 0.253776 0.042593 0.016406 0.025000
0 0.251432 0.008796 0.012760 0.016667
