1 0.579948 0.923843 0.120313 0.090278
1 0.143880 0.579398 0.036198 0.071759
1 0.086589 0.582639 0.036198 0.068981
1 0.254297 0.069676 0.022656 0.043981
1 0.384505 0.303935 0.016927 0.048611
1 0.620964 0.231019 0.027865 0.050926
1 0.619922 0.191898 0.026823 0.043056
1 0.619401 0.153472 0.017448 0.030093
1 0.620052 0.125231 0.015104 0.030093
1 0.646484 0.148843 0.026302 0.044907
1 0.647526 0.089583 0.020052 0.048611
1 0.645833 0.024769 0.015104 0.042130
1 0.584505 0.347917 0.041406 0.039352
0 0.615495 0.102546 0.021615 0.029167
0 0.630078 0.018750 0.020052 0.035648
0 0.668620 0.041204 0.013281 0.034259
0 0.662891 0.065046 0.018490 0.033796
0 0.672786 0.066435 0.024740 0.036574
0 0.692578 0.067361 0.012760 0.034722
0 0.662109 0.101620 0.021094 0.043056
0 0.669661 0.161343 0.017448 0.039352
0 0.686849 0.161806 0.026302 0.038426
0 0.648047 0.174306 0.022656 0.039352
0 0.633984 0.196528 0.019531 0.045833
0 0.644661 0.221065 0.029427 0.046759
0 0.651042 0.259028 0.023958 0.042130
0 0.648958 0.283565 0.019792 0.049537
0 0.611589 0.324537 0.034635 0.055556
0 0.653255 0.339583 0.025260 0.047685
0 0.691536 0.340046 0.028385 0.063426
0 0.652995 0.377546 0.026823 0.050463
0 0.679948 0.391898 0.033854 0.053241
0 0.594922 0.431713 0.032031 0.056019
0 0.596224 0.473380 0.027344 0.060648
0 0.654818 0.504167 0.031510 0.068519
0 0.598958 0.527083 0.023958 0.050463
0 0.659245 0.562500 0.022656 0.069444
0 0.659245 0.619213 0.037240 0.071759
0 0.592318 0.571528 0.033073 0.069907
0 0.594401 0.708333 0.025781 0.080556
0 0.457161 0.287269 0.025260 0.055093
0 0.409766 0.356250 0.020052 0.053241
0 0.413021 0.316435 0.016667 0.057870
0 0.394661 0.353472 0.023177 0.064352
0 0.377995 0.352546 0.017448 0.049537
0 0.378255 0.279630 0.025260 0.034259
0 0.386458 0.228704 0.014063 0.029630
0 0.425651 0.185880 0.021094 0.046759
0 0.413281 0.149769 0.017188 0.042130
0 0.396484 0.142361 0.018490 0.042130
0 0.411068 0.112731 0.028906 0.031944
0 0.417187 0.082176 0.019792 0.036574
0 0.203255 0.256713 0.024740 0.046759
0 0.184245 0.317361 0.026823 0.050463
0 0.153646 0.349306 0.037500 0.033796
0 0.128385 0.420602 0.030208 0.050463
0 0.102865 0.398380 0.034896 0.029167
0 0.062630 0.396065 0.039323 0.030093
0 0.120703 0.478935 0.031510 0.058796
0 0.082682 0.428935 0.023698 0.043056
0 0.066797 0.434954 0.022656 0.043981
0 0.051823 0.440046 0.031771 0.057870
0 0.015234 0.520602 0.026823 0.057870
0 0.107422 0.522454 0.028906 0.068981
0 0.150391 0.530324 0.034115 0.053241
0 0.080208 0.523380 0.040104 0.035648
0 0.067839 0.542361 0.045573 0.034722
0 0.057031 0.571065 0.047396 0.028241
0 0.058594 0.596296 0.041146 0.033333
0 0.049740 0.617361 0.046354 0.042130
0 0.044792 0.648148 0.045833 0.036111
0 0.127734 0.648148 0.024740 0.059259
0 0.090495 0.781481 0.053385 0.058333
0 0.294271 0.772917 0.050521 0.056019
0 0.460938 0.772454 0.060937 0.061574
0 0.409245 0.355324 0.020052 0.053241
0 0.978776 0.042593 0.034115 0.062963
