1 0.183203 0.466898 0.026302 0.057870
1 0.199219 0.344907 0.027083 0.073148
1 0.240104 0.284259 0.020313 0.039815
1 0.242188 0.247454 0.019271 0.041204
1 0.245182 0.200231 0.021094 0.047685
1 0.247135 0.167824 0.020313 0.041204
1 0.676823 0.228241 0.030729 0.042593
1 0.440104 0.056944 0.017708 0.041667
0 0.592318 0.027083 0.020573 0.035648
0 0.604167 0.057407 0.023438 0.041667
0 0.617057 0.092130 0.025781 0.037037
0 0.657943 0.188657 0.024740 0.044907
0 0.690495 0.277315 0.033073 0.050000
0 0.742578 0.283796 0.033073 0.035185
0 0.965104 0.446065 0.031250 0.046759
0 0.944922 0.411343 0.028906 0.049537
0 0.905599 0.343056 0.033594 0.056481
0 0.908464 0.273843 0.028385 0.041204
0 0.921615 0.230324 0.024479 0.031944
0 0.619141 0.871065 0.036198 0.079167
0 0.579427 0.903472 0.039062 0.090278
0 0.524870 0.882407 0.035156 0.064815
0 0.499479 0.717824 0.033854 0.080093
0 0.520182 0.598380 0.033594 0.080093
0 0.507552 0.525463 0.032813 0.063889
0 0.471484 0.559259 0.028385 0.076852
0 0.482682 0.273148 0.019010 0.039815
0 0.478385 0.231481 0.033854 0.028704
0 0.480339 0.192593 0.020052 0.038889
0 0.463281 0.196759 0.019792 0.033333
0 0.434766 0.158796 0.017969 0.031481
0 0.460807 0.115046 0.017448 0.034722
0 0.454297 0.071759 0.015885 0.034259
0 0.440625 0.035417 0.013021 0.021759
0 0.424479 0.039815 0.016146 0.025000
0 0.412630 0.041667 0.013802 0.026852
0 0.415625 0.062731 0.017188 0.030093
0 0.395052 0.097222 0.020833 0.037963
0 0.187760 0.928935 0.023958 0.093981
0 0.093880 0.954861 0.035677 0.087500
0 0.103906 0.886111 0.029687 0.065741
0 0.074609 0.903241 0.031510 0.075926
0 0.076302 0.810648 0.036458 0.074074
0 0.124870 0.773611 0.029427 0.072222
0 0.138021 0.612037 0.026562 0.062037
0 0.161849 0.444907 0.017969 0.044444
0 0.172396 0.398148 0.020313 0.050000
0 0.154297 0.398380 0.017448 0.049537
0 0.179427 0.336574 0.017188 0.043519
0 0.236198 0.318981 0.016667 0.036111
0 0.185938 0.253704 0.018229 0.042593
0 0.172396 0.256944 0.016667 0.043519
0 0.221484 0.185880 0.016406 0.032870
0 0.249870 0.142361 0.016406 0.026389
0 0.260937 0.096065 0.016667 0.031019
0 0.222396 0.160417 0.016146 0.028241
0 0.225260 0.137269 0.015104 0.025463
0 0.228125 0.099306 0.017708 0.026389
0 0.228776 0.076389 0.015365 0.023148
0 0.210677 0.069907 0.022917 0.034259
0 0.235807 0.035880 0.014323 0.036574
0 0.237109 0.011806 0.013802 0.022685
0 0.275911 0.017824 0.013802 0.026389
0 0.277474 0.037037 0.015885 0.023148
