1 0.179818 0.470602 0.028906 0.060648
1 0.195443 0.349306 0.028385 0.075463
1 0.235937 0.288426 0.020833 0.046296
1 0.237630 0.252315 0.019010 0.041667
1 0.241667 0.202546 0.019271 0.041204
1 0.242578 0.168981 0.018490 0.034259
1 0.435677 0.059028 0.017188 0.043981
1 0.670833 0.225000 0.031771 0.041667
0 0.685417 0.274537 0.033854 0.040741
0 0.655078 0.188426 0.024740 0.040741
0 0.610156 0.091204 0.025521 0.038889
0 0.599349 0.055787 0.024219 0.033796
0 0.586589 0.025000 0.021094 0.033333
0 0.477604 0.278009 0.025000 0.044907
0 0.475000 0.232639 0.035937 0.028241
0 0.476302 0.196759 0.019271 0.039815
0 0.458724 0.196296 0.020052 0.040741
0 0.431120 0.163889 0.022656 0.041667
0 0.457552 0.115741 0.019271 0.036111
0 0.448177 0.071528 0.016667 0.040278
0 0.434505 0.034722 0.012760 0.022222
0 0.420443 0.041435 0.016406 0.031944
0 0.406510 0.041204 0.015625 0.025000
0 0.412240 0.065741 0.018750 0.032407
0 0.389714 0.098843 0.017448 0.039352
0 0.504687 0.526852 0.027083 0.058333
0 0.517839 0.596759 0.025781 0.074074
0 0.467318 0.556944 0.026302 0.071296
0 0.493620 0.717824 0.031510 0.080093
0 0.617318 0.869444 0.041927 0.087037
0 0.579167 0.907176 0.036458 0.088426
0 0.524219 0.881713 0.031771 0.068981
0 0.960286 0.444907 0.029427 0.050000
0 0.940755 0.408102 0.032031 0.054167
0 0.900130 0.337963 0.029948 0.052778
0 0.902995 0.269907 0.026823 0.026852
0 0.916406 0.227083 0.025000 0.029167
0 0.739062 0.281713 0.034896 0.030093
0 0.185026 0.934954 0.032031 0.089352
0 0.090625 0.959259 0.031250 0.081481
0 0.101172 0.888889 0.025260 0.057407
0 0.071745 0.910185 0.032031 0.076852
0 0.073177 0.814583 0.031771 0.083796
0 0.120703 0.775231 0.026823 0.072685
0 0.133984 0.615046 0.025781 0.064352
0 0.157682 0.447454 0.019531 0.043981
0 0.167969 0.399769 0.018750 0.049537
0 0.148958 0.400926 0.019792 0.050926
0 0.175260 0.339583 0.019271 0.038426
0 0.232552 0.321065 0.018229 0.037500
0 0.245052 0.142130 0.014063 0.027778
0 0.181641 0.256944 0.017448 0.041667
0 0.166927 0.259954 0.015625 0.041204
0 0.217578 0.189120 0.015885 0.029167
0 0.217969 0.161111 0.013542 0.032407
0 0.220312 0.138426 0.014583 0.024074
0 0.221875 0.102315 0.015625 0.024074
0 0.224089 0.078704 0.013802 0.030556
0 0.205859 0.073380 0.023698 0.031019
0 0.231901 0.037500 0.016406 0.033333
0 0.232552 0.013194 0.016146 0.023611
0 0.269922 0.018981 0.012240 0.023148
0 0.270833 0.037269 0.014583 0.023611
