1 0.157943 0.494213 0.028385 0.058796
1 0.169531 0.370370 0.029167 0.072222
1 0.209375 0.303935 0.019792 0.043981
1 0.210807 0.266435 0.020052 0.038426
1 0.212630 0.217824 0.020573 0.043981
1 0.213411 0.186111 0.021094 0.037037
1 0.406120 0.062500 0.017969 0.041667
1 0.644792 0.218519 0.029167 0.042593
0 0.659766 0.264583 0.032031 0.039352
0 0.626302 0.181481 0.025000 0.041667
0 0.582682 0.087731 0.022656 0.032870
0 0.570443 0.056944 0.021615 0.036111
0 0.556380 0.021296 0.014323 0.025926
0 0.420443 0.076620 0.017448 0.033796
0 0.429036 0.121065 0.021094 0.036574
0 0.404818 0.168287 0.023698 0.035648
0 0.433464 0.201852 0.018490 0.036111
0 0.451172 0.196759 0.021615 0.036111
0 0.448047 0.234491 0.035677 0.031019
0 0.455469 0.275463 0.027604 0.045370
0 0.360417 0.106250 0.019271 0.036574
0 0.382422 0.070370 0.015885 0.030556
0 0.377734 0.048611 0.015365 0.025926
0 0.389453 0.047454 0.016406 0.024537
0 0.405339 0.040278 0.015885 0.025000
0 0.571094 0.894213 0.033333 0.080093
0 0.609896 0.859491 0.040625 0.076389
0 0.515104 0.877315 0.033333 0.063889
0 0.483464 0.714120 0.034635 0.070833
0 0.500911 0.594213 0.032552 0.066204
0 0.486849 0.528935 0.030990 0.054167
0 0.451432 0.561806 0.028385 0.060648
0 0.932422 0.413426 0.034635 0.046296
0 0.984115 0.478241 0.031771 0.051852
0 0.911458 0.384954 0.034896 0.054167
0 0.870313 0.319213 0.033333 0.054167
0 0.872396 0.248843 0.032292 0.034722
0 0.883594 0.204167 0.029687 0.034259
0 0.711849 0.268519 0.036198 0.037037
0 0.175521 0.958796 0.029167 0.082407
0 0.088281 0.926157 0.030729 0.061574
0 0.057292 0.945833 0.033854 0.085185
0 0.060417 0.850694 0.031250 0.081019
0 0.105469 0.809722 0.033333 0.069444
0 0.115495 0.641667 0.028385 0.067593
0 0.134115 0.470602 0.019792 0.045833
0 0.144401 0.420602 0.022656 0.052315
0 0.125130 0.424306 0.021615 0.052315
0 0.148828 0.362500 0.022656 0.047222
0 0.206901 0.338889 0.018490 0.044444
0 0.152995 0.276157 0.019010 0.049537
0 0.139714 0.282176 0.019010 0.045833
0 0.188411 0.207639 0.019531 0.039352
0 0.216667 0.162037 0.016667 0.034259
0 0.226042 0.113194 0.021875 0.030093
0 0.188021 0.177546 0.018750 0.032870
0 0.191406 0.157407 0.017188 0.030556
0 0.191536 0.120370 0.019010 0.033333
0 0.191016 0.093287 0.017969 0.031019
0 0.172917 0.091204 0.026042 0.041667
0 0.198568 0.054167 0.015365 0.031481
0 0.239844 0.050926 0.016146 0.024074
0 0.237500 0.032407 0.014583 0.025926
0 0.237240 0.012037 0.014063 0.023148
0 0.197786 0.026389 0.015365 0.027778
0 0.200521 0.009954 0.015104 0.018981
0 0.347656 0.008333 0.017188 0.015741
