1 0.192188 0.459259 0.025000 0.053704
1 0.207552 0.340278 0.027604 0.074074
1 0.250781 0.279167 0.018750 0.040741
1 0.252474 0.243056 0.019531 0.037963
1 0.256901 0.193287 0.019531 0.046759
1 0.258854 0.160648 0.019792 0.037037
0 0.261198 0.135880 0.015625 0.030093
0 0.272917 0.091667 0.017188 0.035185
0 0.288932 0.033333 0.018490 0.025000
0 0.288021 0.015046 0.016146 0.023611
0 0.250781 0.009954 0.014583 0.018981
0 0.248177 0.030556 0.014063 0.032407
0 0.223828 0.066898 0.021094 0.032870
0 0.241016 0.071296 0.012240 0.025926
0 0.240234 0.097454 0.017969 0.028241
0 0.237500 0.130556 0.015625 0.025000
0 0.233984 0.152315 0.014844 0.030556
0 0.232813 0.183796 0.016146 0.031481
0 0.196484 0.247917 0.019010 0.044907
0 0.181250 0.248380 0.016667 0.044907
0 0.245312 0.310185 0.016146 0.036111
0 0.189714 0.329398 0.017448 0.038426
0 0.181771 0.389120 0.020833 0.048611
0 0.161458 0.388657 0.019792 0.049537
0 0.170182 0.437963 0.017969 0.046296
0 0.145833 0.602315 0.023438 0.060185
0 0.129948 0.765972 0.028646 0.073611
0 0.079687 0.800694 0.028646 0.083796
0 0.107422 0.872454 0.023177 0.056019
0 0.078255 0.894213 0.027865 0.077315
0 0.097005 0.943981 0.032031 0.084259
0 0.191146 0.921991 0.027604 0.084722
0 0.622005 0.873843 0.037240 0.081019
0 0.581380 0.906481 0.030990 0.089815
0 0.525781 0.880093 0.030729 0.061111
0 0.503776 0.715046 0.038281 0.081019
0 0.525781 0.595139 0.029687 0.071759
0 0.513542 0.529167 0.027604 0.053704
0 0.477995 0.556481 0.026823 0.070370
0 0.491797 0.275000 0.023177 0.047222
0 0.487109 0.231713 0.035156 0.032870
0 0.489844 0.192824 0.020313 0.040278
0 0.474089 0.193750 0.017448 0.033796
0 0.446745 0.158796 0.017969 0.031481
0 0.473438 0.112731 0.017708 0.032870
0 0.467318 0.073148 0.021615 0.038889
0 0.452734 0.032639 0.013802 0.026389
0 0.436719 0.040278 0.017188 0.033333
0 0.424089 0.039815 0.013281 0.024074
0 0.428125 0.061806 0.015104 0.030093
0 0.403516 0.094907 0.016406 0.036111
1 0.451302 0.054630 0.018229 0.043519
1 0.686198 0.231481 0.027083 0.046296
0 0.701562 0.279630 0.034896 0.045370
0 0.669792 0.191898 0.028646 0.044907
0 0.630729 0.095833 0.025521 0.036111
0 0.618620 0.059028 0.026302 0.039352
0 0.595182 0.071296 0.017448 0.025926
0 0.604818 0.025231 0.018490 0.033796
0 0.752344 0.287731 0.033854 0.031019
0 0.921484 0.282870 0.026302 0.031481
0 0.932813 0.239352 0.027083 0.034259
0 0.976693 0.460880 0.033073 0.049537
0 0.955859 0.420602 0.036719 0.056944
0 0.917057 0.351389 0.034115 0.051852
