1 0.143099 0.507639 0.026823 0.055093
1 0.154167 0.380093 0.027604 0.077778
1 0.193359 0.315046 0.017448 0.043981
1 0.194792 0.277778 0.018229 0.041667
1 0.194792 0.227083 0.020833 0.046759
1 0.196094 0.193519 0.020833 0.037963
1 0.386849 0.065509 0.019010 0.039352
1 0.627344 0.214120 0.025521 0.041204
0 0.642969 0.256019 0.032813 0.043519
0 0.697266 0.260880 0.032031 0.034722
0 0.610417 0.179861 0.023438 0.043056
0 0.564453 0.085880 0.024219 0.033796
0 0.551172 0.056944 0.020052 0.037963
0 0.536198 0.021528 0.018229 0.031019
0 0.531120 0.067361 0.015365 0.026389
0 0.852474 0.237500 0.024219 0.033333
0 0.863411 0.196296 0.025260 0.028704
0 0.954557 0.162037 0.027865 0.032407
0 0.963672 0.118750 0.022656 0.033796
0 0.975781 0.074769 0.024479 0.029167
0 0.912760 0.398380 0.029687 0.046759
0 0.971094 0.463889 0.031250 0.037963
0 0.982943 0.481019 0.034115 0.040741
0 0.893359 0.368750 0.029427 0.044907
0 0.851302 0.304398 0.028646 0.048611
0 0.743229 0.192130 0.018750 0.035185
0 0.564453 0.892361 0.037760 0.089352
0 0.602474 0.854630 0.040365 0.079630
0 0.510807 0.875694 0.036198 0.062500
0 0.477995 0.718056 0.036198 0.076852
0 0.494271 0.597222 0.035417 0.068519
0 0.475651 0.530093 0.033073 0.066667
0 0.442057 0.564815 0.028385 0.063889
0 0.170443 0.968981 0.025781 0.062037
0 0.080990 0.943287 0.029167 0.066204
0 0.051823 0.964815 0.030208 0.070370
0 0.048828 0.868519 0.033594 0.081481
0 0.097266 0.828009 0.029427 0.076389
0 0.104167 0.664352 0.027083 0.064815
0 0.119401 0.483333 0.022656 0.046296
0 0.128385 0.435648 0.023438 0.053704
0 0.107161 0.437500 0.024740 0.058333
0 0.133333 0.375463 0.020833 0.042593
0 0.191927 0.350694 0.020833 0.044907
0 0.121354 0.293056 0.017708 0.046296
0 0.138021 0.291204 0.022917 0.051852
0 0.170703 0.216435 0.020052 0.037500
0 0.171224 0.189352 0.018490 0.032407
0 0.171875 0.164120 0.021354 0.030093
0 0.172266 0.128704 0.018490 0.032407
0 0.206771 0.121528 0.019792 0.036574
0 0.197396 0.168056 0.016146 0.030556
0 0.170833 0.103009 0.014583 0.031944
0 0.152865 0.099306 0.026562 0.039352
0 0.177474 0.061111 0.017969 0.029630
0 0.177474 0.038194 0.016406 0.036574
0 0.178516 0.014583 0.016927 0.028241
0 0.220182 0.057639 0.016927 0.025463
0 0.217188 0.040972 0.017708 0.027315
0 0.216927 0.020833 0.017708 0.026852
0 0.386979 0.170370 0.021354 0.041667
0 0.417578 0.205324 0.018490 0.034722
0 0.434375 0.197917 0.021354 0.042130
0 0.434896 0.238657 0.035417 0.026389
0 0.441797 0.280093 0.024219 0.047222
0 0.411068 0.123380 0.019531 0.034722
0 0.401432 0.079398 0.017448 0.035648
0 0.371224 0.051620 0.017448 0.032870
0 0.386198 0.043750 0.016667 0.027315
0 0.357292 0.051852 0.019792 0.033333
0 0.363021 0.074537 0.018750 0.035185
0 0.342969 0.112269 0.018229 0.035648
