1 0.177344 0.472917 0.025521 0.051389
1 0.192318 0.352315 0.027344 0.074074
1 0.234896 0.288657 0.018750 0.043981
1 0.235677 0.251389 0.019792 0.042593
1 0.238151 0.203472 0.020052 0.043981
1 0.238542 0.168287 0.018229 0.033796
1 0.432552 0.058796 0.017188 0.044444
1 0.669401 0.225694 0.026823 0.043981
0 0.682161 0.272454 0.033594 0.049537
0 0.736458 0.279398 0.033854 0.035648
0 0.501432 0.525694 0.028906 0.056944
0 0.516536 0.598611 0.032552 0.076852
0 0.466406 0.558102 0.027604 0.075463
0 0.493359 0.714352 0.032552 0.076852
0 0.615234 0.866435 0.037760 0.089352
0 0.575911 0.903935 0.033073 0.083796
0 0.520964 0.878472 0.031510 0.064352
0 0.650911 0.186806 0.023177 0.045833
0 0.610286 0.092824 0.023177 0.039352
0 0.595313 0.058796 0.020833 0.038889
0 0.585807 0.025231 0.019531 0.028241
0 0.474740 0.271991 0.021875 0.047685
0 0.470703 0.233102 0.041406 0.035648
0 0.474609 0.195833 0.017448 0.043519
0 0.457292 0.197222 0.018750 0.035185
0 0.430729 0.162963 0.024479 0.037037
0 0.455339 0.112963 0.019010 0.040741
0 0.448437 0.074769 0.016667 0.031944
0 0.409505 0.063194 0.020052 0.034722
0 0.404818 0.040972 0.017448 0.030093
0 0.417318 0.040972 0.016406 0.034722
0 0.432552 0.035880 0.011979 0.021759
0 0.386849 0.100231 0.016406 0.039352
0 0.958464 0.439583 0.029427 0.045833
0 0.939453 0.406944 0.032031 0.050000
0 0.897396 0.337963 0.031771 0.055556
0 0.901693 0.268750 0.030469 0.031944
0 0.914193 0.224537 0.027344 0.027778
0 0.184766 0.936111 0.022135 0.082407
0 0.089583 0.960417 0.030729 0.079167
0 0.100521 0.891204 0.027604 0.060185
0 0.070182 0.911574 0.031510 0.075000
0 0.070443 0.818056 0.031510 0.080556
0 0.120182 0.781944 0.027865 0.067593
0 0.133594 0.617130 0.025521 0.065741
0 0.154427 0.450000 0.019271 0.050000
0 0.167578 0.405556 0.022135 0.058333
0 0.147135 0.404861 0.021875 0.056019
0 0.172786 0.340972 0.020573 0.042130
0 0.178776 0.259028 0.017969 0.046759
0 0.165625 0.264120 0.016146 0.056944
0 0.229557 0.322917 0.019010 0.047685
0 0.243099 0.145833 0.015365 0.026852
0 0.215104 0.191435 0.019271 0.039352
0 0.216927 0.164352 0.017708 0.031481
0 0.217969 0.140972 0.013542 0.030093
0 0.253646 0.101852 0.018750 0.033333
0 0.219922 0.104167 0.017969 0.028704
0 0.221875 0.079398 0.014063 0.031019
0 0.203646 0.075926 0.023958 0.036111
0 0.228255 0.041204 0.012240 0.031481
0 0.230208 0.015046 0.014583 0.028241
0 0.267448 0.021759 0.013021 0.025926
0 0.267969 0.038657 0.017188 0.027315
