1 0.138281 0.508796 0.027604 0.055556
1 0.149479 0.386574 0.033333 0.080556
1 0.188411 0.318519 0.024219 0.041667
1 0.189062 0.281713 0.023958 0.041204
1 0.188672 0.231944 0.021615 0.050000
1 0.188281 0.199306 0.023958 0.040278
1 0.380339 0.067824 0.017448 0.038426
1 0.622005 0.209954 0.027865 0.043981
0 0.638151 0.255787 0.033073 0.042130
0 0.690234 0.258796 0.029427 0.028704
0 0.602995 0.177546 0.026302 0.042130
0 0.557813 0.084259 0.020833 0.033333
0 0.544401 0.053704 0.019531 0.032407
0 0.529557 0.019213 0.015365 0.023611
0 0.405339 0.123380 0.019531 0.027315
0 0.380078 0.170833 0.017448 0.034259
0 0.410938 0.203472 0.019271 0.032870
0 0.426432 0.198148 0.022135 0.037037
0 0.427604 0.239120 0.033333 0.028241
0 0.433724 0.281481 0.024219 0.036111
0 0.335807 0.110185 0.017448 0.038889
0 0.358073 0.075926 0.016667 0.031481
0 0.351823 0.053935 0.015625 0.026389
0 0.363151 0.054167 0.018490 0.032407
0 0.379427 0.044907 0.017708 0.025926
0 0.394922 0.081019 0.016927 0.034259
0 0.508854 0.876157 0.030729 0.061574
0 0.563151 0.889352 0.034115 0.084259
0 0.599870 0.849537 0.035677 0.074074
0 0.470964 0.714815 0.031510 0.072222
0 0.487630 0.595139 0.032552 0.065278
0 0.471484 0.528241 0.033073 0.055556
0 0.436458 0.562037 0.030208 0.064815
0 0.906380 0.390972 0.031510 0.047685
0 0.962109 0.457176 0.031510 0.035648
0 0.978646 0.476389 0.034896 0.041667
0 0.845703 0.298843 0.027865 0.052315
0 0.855990 0.190741 0.025000 0.029630
0 0.956641 0.114120 0.022135 0.031019
0 0.966536 0.070602 0.027344 0.027315
0 0.736719 0.188657 0.019271 0.033796
0 0.165234 0.970602 0.026302 0.058796
0 0.076302 0.953704 0.022917 0.058333
0 0.047786 0.967593 0.027344 0.064815
0 0.043099 0.877546 0.029427 0.075463
0 0.092318 0.833102 0.023177 0.065278
0 0.098437 0.663426 0.022917 0.059259
0 0.113151 0.489815 0.015365 0.039815
0 0.121484 0.442593 0.017448 0.046296
0 0.103125 0.442130 0.019271 0.047222
0 0.126562 0.378241 0.014063 0.037037
0 0.184766 0.355093 0.017969 0.037963
0 0.113932 0.297917 0.014323 0.039352
0 0.129036 0.294907 0.021094 0.046296
0 0.163411 0.218750 0.016406 0.031944
0 0.162240 0.190972 0.014583 0.029167
0 0.162760 0.168056 0.014063 0.027778
0 0.190885 0.172685 0.014583 0.027778
0 0.198828 0.124537 0.018490 0.033333
0 0.161849 0.129861 0.013802 0.022685
0 0.163542 0.105556 0.016146 0.028704
0 0.144531 0.102083 0.022396 0.031019
0 0.172396 0.067361 0.020313 0.031944
0 0.168620 0.039120 0.012760 0.026389
0 0.171224 0.018750 0.015885 0.031019
0 0.210026 0.041435 0.015365 0.026389
0 0.211458 0.062269 0.016667 0.028241
0 0.208724 0.023148 0.014844 0.026852
