1 0.149219 0.503009 0.026042 0.057870
1 0.159505 0.375926 0.028385 0.071296
1 0.198568 0.309954 0.019010 0.043056
1 0.200130 0.273380 0.020052 0.038426
1 0.202604 0.225000 0.021875 0.040741
1 0.200000 0.188426 0.021875 0.034259
1 0.634766 0.216204 0.027865 0.045370
1 0.394922 0.064352 0.017969 0.041667
0 0.977214 0.469444 0.033594 0.039815
0 0.987240 0.487500 0.025521 0.038889
0 0.921094 0.404861 0.030729 0.047685
0 0.897917 0.372222 0.030729 0.048148
0 0.858073 0.305787 0.030729 0.049537
0 0.859375 0.240278 0.029687 0.033333
0 0.871745 0.202083 0.027865 0.032870
0 0.964063 0.166435 0.028125 0.026389
0 0.973177 0.124306 0.022396 0.030093
0 0.985286 0.078241 0.024740 0.033333
0 0.750911 0.194907 0.022656 0.033333
0 0.702344 0.262500 0.032292 0.037037
0 0.648828 0.262269 0.029948 0.036574
0 0.615755 0.181944 0.028385 0.040741
0 0.573698 0.088426 0.024479 0.035185
0 0.557292 0.055787 0.022917 0.033796
0 0.544531 0.021065 0.018229 0.027315
0 0.537891 0.065278 0.016406 0.028704
0 0.480729 0.527315 0.033854 0.056481
0 0.495703 0.596528 0.034115 0.073611
0 0.445964 0.564352 0.030469 0.066667
0 0.479036 0.716204 0.037240 0.074074
0 0.606510 0.856250 0.040625 0.079167
0 0.566276 0.892593 0.040365 0.080556
0 0.511328 0.878009 0.033594 0.061574
0 0.443880 0.276389 0.025781 0.041667
0 0.440495 0.236111 0.031510 0.028704
0 0.422786 0.202778 0.018490 0.039815
0 0.439193 0.196528 0.024219 0.039352
0 0.392839 0.169907 0.016927 0.032407
0 0.350651 0.111574 0.018490 0.037963
0 0.371354 0.071065 0.017188 0.031019
0 0.366016 0.052315 0.016406 0.025926
0 0.377604 0.050231 0.018229 0.030093
0 0.392578 0.043056 0.014844 0.022222
0 0.409635 0.079630 0.016667 0.033333
0 0.417708 0.121991 0.021875 0.037500
0 0.169792 0.964815 0.032292 0.070370
0 0.082422 0.935648 0.027865 0.062963
0 0.052995 0.957176 0.026823 0.081019
0 0.049609 0.860880 0.033073 0.075463
0 0.098177 0.817593 0.026042 0.066667
0 0.108333 0.655093 0.031771 0.068519
0 0.124349 0.479167 0.017969 0.048148
0 0.135156 0.432407 0.021875 0.049074
0 0.114323 0.433565 0.022396 0.048611
0 0.139714 0.368981 0.018490 0.036111
0 0.141797 0.283102 0.021094 0.043056
0 0.128906 0.286111 0.016667 0.042593
0 0.195703 0.347222 0.018490 0.040741
0 0.204167 0.163657 0.015625 0.031019
0 0.176693 0.214120 0.018490 0.038426
0 0.176432 0.184722 0.016406 0.031481
0 0.177214 0.160417 0.014844 0.028241
0 0.213932 0.116667 0.019531 0.035185
0 0.178255 0.122454 0.015885 0.027315
0 0.178646 0.099306 0.015625 0.030093
0 0.159635 0.096065 0.024479 0.032870
0 0.184375 0.056019 0.014583 0.031481
0 0.227604 0.054630 0.017708 0.025000
0 0.223307 0.037037 0.013802 0.025926
0 0.222266 0.017593 0.013281 0.025000
0 0.184896 0.033565 0.016667 0.031944
0 0.185417 0.011111 0.016667 0.021296
