1 0.190885 0.461574 0.025521 0.051852
1 0.206771 0.341898 0.029687 0.071759
1 0.248568 0.278704 0.020052 0.042593
1 0.250521 0.245602 0.018750 0.039352
1 0.255339 0.197454 0.020052 0.041204
1 0.255859 0.163889 0.017448 0.034259
0 0.260286 0.136574 0.015365 0.026852
0 0.245443 0.312731 0.015365 0.034722
0 0.194401 0.247454 0.017969 0.043981
0 0.230339 0.181713 0.012760 0.030093
0 0.232943 0.155787 0.014323 0.026389
0 0.236979 0.133333 0.018229 0.024074
0 0.181510 0.256250 0.016667 0.045833
0 0.187891 0.332407 0.016927 0.039815
0 0.237109 0.095139 0.015365 0.024537
0 0.270443 0.093750 0.015885 0.031019
0 0.239063 0.072222 0.015625 0.028704
0 0.221094 0.067130 0.022396 0.032407
0 0.247917 0.032176 0.013542 0.035648
0 0.247396 0.011806 0.018229 0.022685
0 0.286589 0.032176 0.016406 0.024537
0 0.284766 0.017130 0.013281 0.026852
0 0.180729 0.394213 0.022917 0.056944
0 0.160156 0.388657 0.021354 0.053241
0 0.168229 0.439815 0.020833 0.047222
0 0.146875 0.613889 0.029687 0.076852
0 0.129167 0.767824 0.029167 0.069907
0 0.107813 0.877778 0.028125 0.064815
0 0.097135 0.946759 0.030729 0.081481
0 0.190755 0.921759 0.026302 0.088889
0 0.078516 0.890278 0.029948 0.083333
0 0.080729 0.800694 0.032813 0.077315
0 0.622526 0.876157 0.041406 0.086574
0 0.581771 0.906944 0.029687 0.085185
0 0.525781 0.877315 0.030208 0.059259
0 0.501432 0.714352 0.036198 0.078704
0 0.523438 0.594907 0.029167 0.077778
0 0.512240 0.528935 0.028646 0.059722
0 0.475391 0.558102 0.028385 0.074537
0 0.697917 0.275463 0.034375 0.043519
0 0.752474 0.287963 0.033594 0.039815
0 0.667318 0.190046 0.023698 0.042130
0 0.592708 0.068287 0.016146 0.031019
0 0.625651 0.095370 0.021094 0.033333
0 0.614714 0.058565 0.021615 0.034722
0 0.603906 0.024769 0.018229 0.030093
0 0.489323 0.276852 0.022917 0.045370
0 0.485807 0.232870 0.039323 0.033333
0 0.489974 0.192824 0.022135 0.044907
0 0.471094 0.196296 0.017708 0.039815
0 0.444141 0.157870 0.022135 0.037963
0 0.470964 0.113889 0.022135 0.039815
0 0.465365 0.075694 0.020833 0.039352
0 0.449870 0.033333 0.014844 0.025000
0 0.434245 0.038657 0.021094 0.034722
0 0.421615 0.039352 0.014583 0.025926
0 0.425260 0.063194 0.016146 0.036574
0 0.403255 0.093056 0.016406 0.036111
1 0.449479 0.058102 0.015625 0.043056
1 0.685807 0.230093 0.032031 0.040741
0 0.975130 0.454398 0.033594 0.052315
0 0.954167 0.420139 0.035417 0.059722
0 0.915625 0.352083 0.031771 0.056019
0 0.918750 0.277083 0.027604 0.037500
0 0.930859 0.235880 0.025781 0.030093
