0 0.509245 0.873843 0.033594 0.085648
0 0.564714 0.896528 0.044531 0.098611
0 0.603516 0.858565 0.053385 0.101389
0 0.471224 0.716204 0.045052 0.081481
0 0.486589 0.599769 0.036198 0.072685
0 0.471484 0.526620 0.037760 0.075463
0 0.434896 0.559491 0.032813 0.085648
0 0.633594 0.254398 0.038542 0.059722
0 0.685677 0.257407 0.036979 0.050926
0 0.731901 0.186574 0.021094 0.038889
0 0.599349 0.174537 0.029948 0.050926
1 0.618880 0.208565 0.030990 0.048611
0 0.554557 0.084259 0.026823 0.041667
0 0.540495 0.053472 0.023177 0.035648
0 0.525521 0.020602 0.017188 0.027315
0 0.431120 0.279398 0.029948 0.049537
0 0.424740 0.237269 0.033333 0.033796
0 0.423698 0.199074 0.021875 0.041667
0 0.407422 0.204861 0.019010 0.043056
0 0.375521 0.172685 0.021354 0.038889
0 0.400781 0.124306 0.019792 0.034722
0 0.391667 0.081481 0.017708 0.034259
1 0.375911 0.069213 0.020052 0.043981
0 0.376953 0.045833 0.017448 0.029630
0 0.351823 0.076389 0.022396 0.036111
0 0.360417 0.053241 0.017188 0.031481
0 0.346745 0.056019 0.016927 0.028704
0 0.331120 0.112500 0.023698 0.037963
0 0.958073 0.451157 0.032813 0.039352
0 0.973307 0.472454 0.036198 0.044907
0 0.902865 0.388657 0.031250 0.043981
0 0.880469 0.358333 0.032813 0.045370
0 0.842057 0.296296 0.029948 0.052778
0 0.842318 0.227315 0.026823 0.031481
0 0.850651 0.187269 0.027865 0.030093
0 0.940625 0.152778 0.031250 0.030556
0 0.960417 0.066898 0.027604 0.029167
0 0.948177 0.110417 0.022396 0.031944
0 0.166536 0.969907 0.030469 0.060185
0 0.075651 0.956481 0.027865 0.058333
0 0.044271 0.969907 0.027604 0.060185
0 0.040495 0.882870 0.031510 0.082407
0 0.089583 0.836343 0.032292 0.070833
0 0.166406 0.809491 0.022917 0.061574
0 0.095964 0.671991 0.026823 0.064352
1 0.135807 0.518519 0.028385 0.058333
1 0.143229 0.389815 0.027604 0.074074
1 0.182812 0.321991 0.018229 0.043056
1 0.183073 0.284722 0.022396 0.041667
1 0.183594 0.235648 0.021875 0.046296
1 0.184766 0.199074 0.021094 0.036111
0 0.184245 0.173843 0.016406 0.030093
0 0.194141 0.122917 0.022135 0.034722
0 0.180599 0.355787 0.020573 0.046759
0 0.109766 0.493519 0.020052 0.046296
0 0.118620 0.444444 0.021615 0.051852
0 0.098568 0.447685 0.023698 0.050926
0 0.122656 0.383102 0.021354 0.041204
0 0.124219 0.296528 0.017708 0.043981
0 0.110547 0.300463 0.019531 0.047222
0 0.158724 0.222222 0.017969 0.032407
0 0.157292 0.192593 0.018229 0.033333
0 0.157943 0.173148 0.015365 0.026852
0 0.158333 0.134954 0.019271 0.029167
0 0.159635 0.110648 0.017708 0.030556
0 0.138281 0.104398 0.026042 0.036574
0 0.164714 0.069444 0.018490 0.033333
0 0.206641 0.064120 0.019010 0.027315
0 0.203906 0.045833 0.013021 0.024074
0 0.202604 0.025926 0.014063 0.029630
0 0.205078 0.008796 0.014844 0.016667
0 0.164062 0.042130 0.016146 0.025926
0 0.164453 0.019907 0.019531 0.028704
