1 0.579427 0.917824 0.133333 0.099537
1 0.585156 0.347454 0.040625 0.036574
1 0.621745 0.231713 0.019010 0.054167
1 0.620703 0.187269 0.014323 0.042130
1 0.620052 0.149074 0.015625 0.037037
1 0.620182 0.121991 0.013281 0.031944
1 0.649349 0.147917 0.015885 0.032870
1 0.645052 0.083796 0.022396 0.050926
1 0.647005 0.020139 0.015365 0.039352
1 0.384896 0.301157 0.019271 0.053241
1 0.252865 0.068519 0.020313 0.041667
1 0.139714 0.570833 0.037760 0.069444
1 0.089714 0.577778 0.028385 0.071296
0 0.200911 0.253241 0.021615 0.044444
0 0.177604 0.312731 0.022396 0.047685
0 0.196484 0.307407 0.013281 0.036111
0 0.151172 0.345370 0.035156 0.030556
0 0.127214 0.417824 0.021094 0.036574
0 0.100521 0.394676 0.033333 0.031019
0 0.060807 0.395139 0.037240 0.032870
0 0.084245 0.429167 0.018490 0.049074
0 0.065234 0.431481 0.020052 0.049074
0 0.048958 0.430093 0.026042 0.051852
0 0.123438 0.472454 0.020833 0.057870
0 0.078125 0.515972 0.040625 0.032870
0 0.109115 0.521065 0.024479 0.056944
0 0.070182 0.539583 0.045052 0.031019
0 0.063672 0.565509 0.040365 0.024537
0 0.057943 0.588194 0.037760 0.027315
0 0.050000 0.613426 0.036458 0.030556
0 0.042839 0.642130 0.038281 0.028704
0 0.155208 0.529167 0.030208 0.040741
0 0.131771 0.638889 0.034375 0.062963
0 0.096094 0.791667 0.064062 0.061111
0 0.464974 0.773843 0.044531 0.068056
0 0.292318 0.776852 0.045052 0.052778
0 0.414974 0.314815 0.017448 0.047222
0 0.414583 0.349769 0.016667 0.043981
0 0.395313 0.347917 0.016667 0.055093
0 0.375130 0.344444 0.016927 0.044444
0 0.374740 0.284259 0.016146 0.051852
0 0.383464 0.224306 0.020052 0.040278
0 0.452604 0.272917 0.019271 0.056944
0 0.427995 0.184954 0.015365 0.054167
0 0.415234 0.142824 0.014323 0.036574
0 0.397917 0.141898 0.016667 0.045833
0 0.407552 0.108796 0.029167 0.026852
0 0.420312 0.082176 0.018229 0.037500
0 0.666927 0.039815 0.011979 0.024074
0 0.665625 0.063426 0.014583 0.029630
0 0.677734 0.065741 0.014323 0.028704
0 0.691406 0.062963 0.016667 0.034259
0 0.666667 0.100231 0.012500 0.033796
0 0.671224 0.156944 0.013281 0.031481
0 0.685807 0.158565 0.012760 0.036574
0 0.650000 0.174306 0.017708 0.043981
0 0.635547 0.192130 0.011198 0.038889
0 0.647786 0.215278 0.016927 0.037963
0 0.651432 0.249537 0.019531 0.039815
0 0.611068 0.326157 0.026302 0.044907
0 0.653516 0.284722 0.015365 0.038889
0 0.656250 0.336343 0.015104 0.043056
0 0.692839 0.336574 0.021094 0.051852
0 0.658594 0.372917 0.015104 0.042130
0 0.680469 0.390278 0.030208 0.051852
0 0.595182 0.432407 0.027865 0.056481
0 0.598568 0.475694 0.025781 0.054167
0 0.597396 0.524537 0.025521 0.051852
0 0.660156 0.511806 0.026562 0.042130
0 0.597135 0.572917 0.023438 0.066204
0 0.660547 0.566898 0.025781 0.053241
0 0.661849 0.621528 0.021615 0.061574
0 0.591276 0.703472 0.026823 0.058796
0 0.984505 0.055324 0.022656 0.052315
