1 0.149870 0.500926 0.026823 0.058333
1 0.161589 0.376620 0.026302 0.073611
1 0.201302 0.308102 0.019792 0.043056
1 0.202734 0.273148 0.019531 0.039815
1 0.205729 0.222917 0.021354 0.044907
1 0.203906 0.188889 0.020833 0.037963
1 0.396875 0.064120 0.017188 0.043056
1 0.637500 0.217130 0.028125 0.047222
0 0.966276 0.168750 0.029948 0.031019
0 0.975260 0.125231 0.026042 0.037500
0 0.987760 0.081250 0.023958 0.031019
0 0.873958 0.202315 0.026042 0.034259
0 0.864844 0.241898 0.025000 0.034722
0 0.861589 0.311806 0.030469 0.051389
0 0.900911 0.375231 0.034115 0.048611
0 0.921354 0.405556 0.028646 0.046296
0 0.979297 0.471991 0.035677 0.036574
0 0.986589 0.489815 0.026823 0.032407
0 0.704427 0.264352 0.033333 0.031481
0 0.650781 0.262269 0.033333 0.035648
0 0.576302 0.087269 0.023958 0.035648
0 0.540755 0.068750 0.016406 0.028241
0 0.560156 0.055787 0.021875 0.031944
0 0.545443 0.016898 0.016406 0.026389
0 0.481250 0.528241 0.027083 0.050926
0 0.497917 0.597454 0.034375 0.073611
0 0.446875 0.561343 0.030729 0.064352
0 0.480078 0.715741 0.036719 0.077778
0 0.513672 0.876620 0.033073 0.071759
0 0.569141 0.890741 0.035156 0.085185
0 0.607552 0.858565 0.042708 0.081944
0 0.447005 0.278935 0.025781 0.044907
0 0.442448 0.234259 0.036979 0.029630
0 0.425260 0.201852 0.015625 0.036111
0 0.441667 0.197222 0.020833 0.038889
0 0.395443 0.167824 0.019531 0.038426
0 0.422396 0.124769 0.020313 0.036574
0 0.412630 0.079398 0.019531 0.035648
0 0.397396 0.042130 0.015625 0.028704
0 0.381250 0.048843 0.018229 0.026389
0 0.368359 0.051157 0.015885 0.025463
0 0.372396 0.069213 0.018750 0.033796
0 0.352344 0.109028 0.022917 0.040278
0 0.173307 0.961806 0.029948 0.076389
0 0.083984 0.935880 0.025781 0.062500
0 0.055599 0.951620 0.032552 0.078241
0 0.049870 0.855093 0.035677 0.079630
0 0.100781 0.816667 0.029167 0.074074
0 0.110547 0.650000 0.023177 0.060185
0 0.127474 0.476389 0.019010 0.048148
0 0.135937 0.430787 0.021875 0.049537
0 0.117057 0.431713 0.022656 0.050463
0 0.142448 0.366667 0.017188 0.040741
0 0.199870 0.346065 0.020573 0.039352
0 0.144141 0.283565 0.016927 0.038426
0 0.130469 0.287731 0.016667 0.043056
0 0.205208 0.164583 0.016667 0.029167
0 0.178646 0.211574 0.017188 0.032407
0 0.177995 0.181250 0.018490 0.037500
0 0.179036 0.160185 0.016406 0.026852
0 0.215234 0.115741 0.020052 0.036111
0 0.180469 0.121759 0.016146 0.023148
0 0.182031 0.097917 0.015104 0.029167
0 0.164062 0.093519 0.022917 0.038889
0 0.188542 0.057407 0.014583 0.031481
0 0.230208 0.055324 0.016146 0.024537
0 0.226693 0.037731 0.012760 0.026389
0 0.226953 0.015278 0.014844 0.025926
0 0.188802 0.032407 0.016146 0.028704
0 0.188542 0.010417 0.019792 0.019907
