1 0.579688 0.919444 0.111979 0.085185
1 0.582943 0.349306 0.039323 0.044907
1 0.620703 0.230093 0.018490 0.057407
1 0.620443 0.190046 0.024219 0.043981
1 0.619661 0.151157 0.017448 0.037500
1 0.619141 0.122917 0.016406 0.031019
1 0.646224 0.086111 0.017969 0.062037
1 0.647656 0.025231 0.014063 0.044907
1 0.386849 0.308565 0.022656 0.050463
1 0.253255 0.071065 0.021094 0.050463
0 0.199870 0.254398 0.025781 0.044907
0 0.178516 0.316435 0.019010 0.050463
0 0.148568 0.346065 0.034635 0.032870
0 0.129297 0.421065 0.022135 0.043981
0 0.100130 0.394444 0.029948 0.040741
0 0.060677 0.396528 0.039062 0.042130
0 0.082031 0.429398 0.019792 0.052315
0 0.063281 0.431944 0.025000 0.050926
0 0.047656 0.434259 0.023438 0.051852
0 0.122917 0.475000 0.023958 0.054630
0 0.151562 0.528935 0.025521 0.045833
0 0.109766 0.528009 0.021094 0.057870
0 0.079948 0.520602 0.038021 0.033796
0 0.014193 0.521296 0.027865 0.042593
0 0.074349 0.542593 0.038281 0.034259
0 0.062109 0.568287 0.033073 0.036574
0 0.055078 0.590509 0.041406 0.039352
0 0.048177 0.615509 0.040104 0.026389
0 0.044661 0.643519 0.046094 0.037963
1 0.092448 0.585880 0.033854 0.068981
1 0.141667 0.577546 0.041146 0.070833
0 0.127083 0.637500 0.032292 0.054630
0 0.092839 0.790046 0.053385 0.055093
0 0.296484 0.778009 0.049219 0.048611
0 0.462891 0.770833 0.049219 0.052778
0 0.413932 0.318287 0.021094 0.039352
0 0.410938 0.352546 0.015625 0.048611
0 0.395964 0.356019 0.015885 0.054630
0 0.374609 0.353241 0.017969 0.047222
0 0.374219 0.281713 0.025521 0.038426
0 0.387240 0.228472 0.025000 0.043056
0 0.449740 0.279167 0.022917 0.050000
0 0.426563 0.186343 0.021875 0.039352
0 0.410938 0.144676 0.019792 0.031944
0 0.396224 0.139120 0.018490 0.043056
0 0.409375 0.109722 0.031771 0.025926
0 0.418620 0.083102 0.020573 0.040278
0 0.632682 0.015972 0.015885 0.031019
0 0.666016 0.043981 0.015365 0.022222
0 0.691016 0.068750 0.014844 0.032870
0 0.679036 0.070370 0.017969 0.037037
0 0.663802 0.070602 0.017708 0.036574
0 0.660286 0.098843 0.017448 0.033796
1 0.645833 0.147454 0.021354 0.044907
0 0.673438 0.161806 0.013021 0.042130
0 0.684896 0.167130 0.012500 0.038889
0 0.650130 0.180093 0.016406 0.033333
0 0.635547 0.196296 0.016927 0.033333
0 0.650130 0.220833 0.019010 0.035185
0 0.647917 0.254167 0.021875 0.038889
0 0.651172 0.285185 0.019531 0.045370
0 0.611849 0.328472 0.029427 0.049537
0 0.653906 0.338889 0.018229 0.044444
0 0.689323 0.337500 0.021354 0.054630
0 0.655339 0.377546 0.017448 0.040278
0 0.679557 0.388889 0.031510 0.047222
0 0.596484 0.433796 0.032552 0.050926
0 0.599089 0.474074 0.018490 0.053704
0 0.601302 0.527778 0.025521 0.040741
0 0.599089 0.578935 0.028385 0.051389
0 0.657682 0.568519 0.026823 0.057407
0 0.653516 0.515046 0.031510 0.056944
0 0.659245 0.631944 0.025781 0.066667
0 0.594010 0.708333 0.034375 0.057407
0 0.983073 0.046759 0.018750 0.038889
