1 0.584896 0.920139 0.123438 0.086574
1 0.583333 0.343750 0.040104 0.047685
1 0.622917 0.215046 0.019271 0.060648
1 0.622135 0.187963 0.019271 0.045370
1 0.620573 0.153241 0.016667 0.052778
1 0.619792 0.119907 0.015104 0.029630
1 0.649349 0.149769 0.015885 0.041204
1 0.645573 0.084954 0.021875 0.055093
1 0.647396 0.021528 0.014063 0.039352
1 0.385156 0.302315 0.018750 0.061111
1 0.252865 0.068287 0.023438 0.046759
1 0.143880 0.576852 0.035677 0.069444
1 0.089583 0.583333 0.031250 0.067593
0 0.201042 0.250463 0.023958 0.043519
0 0.196615 0.306713 0.018229 0.045833
0 0.179688 0.311343 0.021875 0.050463
0 0.151562 0.344213 0.043229 0.033796
0 0.098698 0.391667 0.035937 0.030556
0 0.126432 0.412731 0.026823 0.037500
0 0.059375 0.399769 0.039583 0.041204
0 0.083984 0.429861 0.016927 0.042130
0 0.066016 0.432407 0.028906 0.050000
0 0.046094 0.428472 0.031771 0.050463
0 0.120052 0.472454 0.029687 0.057870
0 0.105990 0.522454 0.028646 0.055093
0 0.153776 0.524769 0.024740 0.049537
0 0.013411 0.522454 0.026302 0.039352
0 0.077734 0.519213 0.047656 0.031019
0 0.071615 0.540741 0.041146 0.028704
0 0.063802 0.565278 0.041146 0.030556
0 0.055339 0.593056 0.045052 0.037037
0 0.045573 0.609259 0.045833 0.036111
0 0.040625 0.642593 0.054167 0.040741
0 0.126823 0.636574 0.031771 0.052778
0 0.098698 0.788194 0.054688 0.051389
0 0.293359 0.773843 0.058594 0.045833
0 0.460807 0.768750 0.054427 0.056944
0 0.589714 0.701620 0.038281 0.068981
0 0.660026 0.625000 0.030990 0.075926
0 0.597396 0.580787 0.035937 0.080093
0 0.597917 0.527546 0.023958 0.052315
0 0.658594 0.565278 0.023958 0.059259
0 0.658073 0.511343 0.028125 0.058796
0 0.597526 0.477315 0.025781 0.058333
0 0.594010 0.430093 0.030208 0.056481
0 0.681771 0.389815 0.035417 0.050926
0 0.655469 0.376620 0.027604 0.047685
0 0.414714 0.353241 0.021094 0.040741
0 0.414193 0.321296 0.022135 0.052778
0 0.395833 0.350926 0.022396 0.052778
0 0.375781 0.350000 0.015104 0.044444
0 0.375651 0.276852 0.023698 0.047222
0 0.453776 0.274769 0.017969 0.051389
0 0.386979 0.222685 0.014063 0.032407
0 0.428385 0.183333 0.016667 0.043519
0 0.411068 0.141667 0.013802 0.032407
0 0.397526 0.140278 0.013802 0.037963
0 0.410547 0.106481 0.027865 0.023148
0 0.420182 0.073843 0.019010 0.034722
0 0.620703 0.095139 0.019010 0.031944
0 0.662760 0.065741 0.014583 0.042593
0 0.667448 0.040509 0.010937 0.035648
0 0.677604 0.068981 0.013021 0.037963
0 0.689714 0.063426 0.015365 0.039815
0 0.665625 0.099074 0.014583 0.032407
0 0.673828 0.158565 0.014844 0.037500
0 0.683984 0.159259 0.016927 0.033333
0 0.650391 0.178935 0.017448 0.036574
0 0.634505 0.192593 0.014323 0.038889
0 0.646875 0.215509 0.016667 0.046759
0 0.649219 0.249769 0.019792 0.039352
0 0.651563 0.282176 0.018750 0.041204
0 0.611719 0.326620 0.022396 0.050463
0 0.654818 0.332639 0.023177 0.043056
0 0.691276 0.338194 0.025260 0.047685
0 0.985807 0.056019 0.021094 0.050000
