0 0.506120 0.873843 0.033073 0.082870
0 0.561589 0.896991 0.042448 0.090278
0 0.600391 0.849537 0.051302 0.085185
0 0.161589 0.972917 0.026302 0.054167
0 0.071354 0.967361 0.029687 0.065278
0 0.038411 0.977083 0.029427 0.045833
0 0.033984 0.899306 0.035677 0.090278
0 0.087370 0.849537 0.034115 0.077778
0 0.163932 0.822685 0.033594 0.062963
0 0.089193 0.687500 0.029427 0.077778
1 0.126172 0.526157 0.026823 0.059722
0 0.102083 0.507176 0.023958 0.051389
0 0.090104 0.457176 0.023438 0.068056
0 0.110026 0.455324 0.024740 0.059722
0 0.113411 0.391204 0.023177 0.053704
1 0.136068 0.406481 0.037240 0.096296
0 0.174089 0.369444 0.025260 0.043519
1 0.173307 0.327778 0.022135 0.040741
1 0.174349 0.293287 0.020052 0.041204
1 0.173047 0.238657 0.022135 0.047685
1 0.173307 0.206944 0.023698 0.037037
0 0.174609 0.180556 0.020573 0.029630
0 0.183854 0.131481 0.021875 0.036111
0 0.322005 0.118287 0.019531 0.036574
0 0.367839 0.177546 0.021094 0.031944
0 0.417187 0.240741 0.031771 0.026852
0 0.421615 0.284028 0.020313 0.038426
0 0.398438 0.205556 0.018229 0.034259
0 0.415234 0.202778 0.020052 0.038889
0 0.391927 0.128472 0.018750 0.032870
0 0.381641 0.084954 0.017969 0.039352
1 0.366536 0.071065 0.017969 0.039352
0 0.364453 0.049074 0.015885 0.026852
0 0.350391 0.054861 0.018490 0.030093
0 0.342318 0.080787 0.019531 0.028241
0 0.337109 0.060417 0.016927 0.024537
0 0.196094 0.068519 0.018229 0.024074
0 0.192708 0.051620 0.013542 0.024537
0 0.192839 0.029861 0.016406 0.022685
0 0.193750 0.012037 0.016146 0.018519
0 0.128516 0.111574 0.024740 0.037037
0 0.149740 0.114815 0.014583 0.026852
0 0.148828 0.140046 0.019010 0.029167
0 0.148177 0.177778 0.016667 0.023148
0 0.148438 0.200231 0.016146 0.031944
0 0.148568 0.232407 0.019531 0.032407
0 0.099479 0.309954 0.020833 0.043981
0 0.116016 0.305324 0.021094 0.049537
0 0.153516 0.074306 0.015885 0.031019
0 0.153255 0.045833 0.016927 0.031481
0 0.154948 0.026852 0.019271 0.029630
0 0.464193 0.530093 0.032031 0.069444
0 0.482292 0.594676 0.035937 0.077315
0 0.429948 0.566667 0.034375 0.076852
0 0.467057 0.717593 0.033594 0.074074
0 0.677865 0.255324 0.032813 0.033796
0 0.626693 0.254167 0.033594 0.042593
1 0.609635 0.210648 0.026562 0.044444
0 0.589974 0.176157 0.024740 0.043056
0 0.543620 0.086111 0.022135 0.037963
0 0.530729 0.055093 0.022396 0.035185
0 0.514974 0.018519 0.013802 0.021296
0 0.988021 0.509491 0.023958 0.046759
0 0.963281 0.460648 0.033854 0.043519
0 0.950000 0.443981 0.031771 0.037963
0 0.892188 0.383102 0.026562 0.045833
0 0.872396 0.353241 0.027604 0.043519
0 0.832161 0.222685 0.023177 0.032407
0 0.839844 0.182176 0.026042 0.032870
