1 0.578385 0.917593 0.116146 0.091667
1 0.583203 0.351620 0.044531 0.046759
1 0.622005 0.231944 0.019010 0.056481
1 0.618880 0.195139 0.022135 0.042130
1 0.620443 0.153472 0.015885 0.039352
1 0.620573 0.124769 0.010937 0.033796
1 0.645052 0.083333 0.018229 0.061111
1 0.647135 0.024537 0.016146 0.048148
1 0.383854 0.307639 0.021354 0.053241
1 0.251563 0.071759 0.030729 0.044444
1 0.144141 0.573843 0.037240 0.075463
1 0.090625 0.583565 0.030208 0.074537
0 0.200000 0.255556 0.020833 0.049074
0 0.180339 0.318750 0.024219 0.051389
0 0.150000 0.345139 0.039062 0.035648
0 0.124479 0.417130 0.031771 0.047222
0 0.101042 0.398380 0.033333 0.031944
0 0.061979 0.397685 0.034375 0.033333
0 0.083464 0.431481 0.024219 0.051852
0 0.066927 0.438889 0.027604 0.061111
0 0.050911 0.431944 0.024219 0.054630
0 0.121484 0.474306 0.031510 0.061574
0 0.154427 0.529398 0.021354 0.043981
0 0.112240 0.528935 0.030729 0.058796
0 0.081120 0.525000 0.037760 0.032407
0 0.072786 0.541204 0.039844 0.037037
0 0.062891 0.569907 0.036198 0.036111
0 0.057552 0.595370 0.041667 0.039815
0 0.049609 0.615972 0.046615 0.032870
0 0.040104 0.644444 0.044792 0.041667
0 0.127214 0.636343 0.029948 0.052315
0 0.091406 0.793519 0.052083 0.056481
0 0.015885 0.524537 0.031250 0.041667
0 0.292969 0.775694 0.048438 0.055093
0 0.465495 0.769213 0.063281 0.055093
0 0.591276 0.709491 0.031510 0.069907
0 0.411589 0.356250 0.017969 0.046759
0 0.396224 0.352083 0.024219 0.056944
0 0.373437 0.352083 0.017188 0.044907
0 0.376693 0.287963 0.017448 0.051852
0 0.452083 0.278472 0.024479 0.053241
0 0.386979 0.228241 0.020313 0.037037
0 0.429036 0.186574 0.019010 0.037037
0 0.414583 0.144213 0.018750 0.040278
0 0.396094 0.143519 0.018229 0.037037
0 0.410286 0.109491 0.029948 0.018981
0 0.418099 0.080324 0.021094 0.030093
0 0.634375 0.015741 0.011979 0.030556
0 0.665104 0.034028 0.014583 0.039352
0 0.663542 0.059954 0.014583 0.036574
0 0.677083 0.065741 0.015625 0.040741
0 0.687500 0.060185 0.016667 0.044444
0 0.661979 0.095370 0.017708 0.028704
0 0.618490 0.097685 0.018229 0.036111
0 0.647005 0.145370 0.016927 0.042593
0 0.672917 0.156713 0.012500 0.033796
0 0.686849 0.163889 0.015365 0.040741
0 0.650391 0.178472 0.019010 0.049537
0 0.634896 0.194213 0.019271 0.043981
0 0.646354 0.223148 0.019792 0.037963
0 0.650911 0.253935 0.016927 0.040278
0 0.649089 0.284954 0.022135 0.038426
0 0.694271 0.340509 0.017708 0.052315
0 0.683333 0.390509 0.027604 0.038426
0 0.656771 0.382870 0.018229 0.043519
0 0.654818 0.338889 0.019010 0.038889
0 0.610547 0.329167 0.028385 0.059259
0 0.594531 0.434259 0.026562 0.054630
0 0.595443 0.473843 0.023698 0.056019
0 0.658333 0.518519 0.026562 0.055556
0 0.598698 0.525463 0.020833 0.052778
0 0.595313 0.581713 0.023438 0.060648
0 0.657422 0.569444 0.021094 0.058333
0 0.656120 0.621759 0.026302 0.083333
0 0.984245 0.050694 0.023177 0.043981
