1 0.576693 0.906713 0.135677 0.105093
1 0.580859 0.345602 0.042448 0.042130
1 0.384245 0.303935 0.025781 0.053241
1 0.252344 0.065972 0.026042 0.049537
1 0.647526 0.081481 0.020573 0.062037
1 0.621875 0.151852 0.020833 0.045370
1 0.620703 0.124306 0.015885 0.043981
1 0.648438 0.146991 0.013542 0.043981
1 0.620052 0.188194 0.017188 0.043056
1 0.620313 0.226389 0.017708 0.058333
1 0.647135 0.021296 0.017188 0.041667
0 0.664844 0.037963 0.017708 0.023148
0 0.662240 0.059954 0.016667 0.034722
0 0.677474 0.065046 0.012760 0.031019
0 0.690234 0.063889 0.012760 0.034259
0 0.665234 0.096065 0.015365 0.028241
0 0.669792 0.154861 0.019271 0.039352
0 0.685026 0.160417 0.016406 0.037500
0 0.650651 0.175694 0.015365 0.038426
0 0.633594 0.188426 0.018750 0.041667
0 0.647526 0.215972 0.020052 0.039352
0 0.650781 0.251620 0.015104 0.038426
0 0.650781 0.280093 0.017708 0.035185
0 0.612370 0.327315 0.028385 0.041667
0 0.654557 0.333796 0.020573 0.043519
0 0.692318 0.338889 0.018490 0.044444
0 0.683073 0.388426 0.030208 0.037037
0 0.655078 0.373843 0.024219 0.039352
0 0.592057 0.426157 0.030990 0.054167
0 0.657682 0.507176 0.021615 0.046759
0 0.595573 0.473380 0.025521 0.059722
0 0.599219 0.522917 0.022917 0.046759
0 0.655859 0.561111 0.026823 0.050926
0 0.596745 0.573148 0.022656 0.067593
0 0.658333 0.624537 0.020313 0.077778
0 0.592318 0.700000 0.025260 0.062037
0 0.416276 0.315741 0.021615 0.042593
0 0.413542 0.352315 0.027083 0.048148
0 0.395703 0.350231 0.015885 0.050463
0 0.373828 0.343287 0.017969 0.048611
0 0.376042 0.276620 0.016146 0.032870
0 0.452865 0.273380 0.017188 0.046759
0 0.384896 0.221759 0.020833 0.036111
0 0.427734 0.180556 0.020052 0.041667
0 0.414453 0.141667 0.016406 0.031481
0 0.398568 0.140741 0.015365 0.033333
0 0.410938 0.106713 0.029687 0.024537
0 0.420052 0.076852 0.015104 0.035185
0 0.200781 0.253704 0.019792 0.051852
0 0.196484 0.309259 0.016406 0.041667
0 0.179036 0.315972 0.022135 0.048611
0 0.153385 0.349074 0.033333 0.032407
0 0.127083 0.415972 0.023438 0.038426
0 0.099479 0.394213 0.035417 0.026389
0 0.059896 0.396528 0.040625 0.030093
0 0.083464 0.428472 0.019010 0.043056
0 0.065104 0.433102 0.022917 0.051389
0 0.047917 0.429861 0.028125 0.052315
0 0.012370 0.516667 0.023177 0.045370
0 0.123177 0.473380 0.026042 0.057870
0 0.152474 0.523611 0.026302 0.040741
0 0.110547 0.524537 0.023698 0.047222
0 0.079297 0.519907 0.039844 0.029630
0 0.073307 0.539120 0.041927 0.024537
0 0.061589 0.565046 0.034635 0.027315
0 0.056120 0.588426 0.038281 0.027778
0 0.050651 0.613657 0.041927 0.027315
0 0.045052 0.640509 0.048958 0.034722
0 0.128516 0.634722 0.026823 0.062037
1 0.139453 0.573380 0.027865 0.074537
1 0.090104 0.580324 0.032292 0.068981
0 0.101953 0.787731 0.058594 0.049537
0 0.293099 0.776389 0.041927 0.045370
0 0.466536 0.768981 0.051823 0.057407
0 0.987109 0.057176 0.023698 0.036574
