1 0.585026 0.919907 0.112760 0.096296
1 0.582031 0.345833 0.051042 0.041667
1 0.387240 0.305556 0.025000 0.052778
1 0.623307 0.233565 0.017448 0.067130
1 0.621224 0.193750 0.015885 0.044907
1 0.619010 0.152546 0.013542 0.045833
1 0.617969 0.125926 0.022917 0.031481
1 0.647266 0.087037 0.021094 0.050926
1 0.648568 0.023148 0.015365 0.045370
1 0.647526 0.149537 0.019531 0.044444
1 0.252214 0.071065 0.021615 0.036574
1 0.144792 0.580093 0.040625 0.069444
1 0.090885 0.580093 0.034896 0.069444
0 0.195312 0.249769 0.040625 0.045833
0 0.177083 0.313889 0.033333 0.051852
0 0.150000 0.344444 0.038542 0.031481
0 0.126172 0.422222 0.025260 0.034259
0 0.105599 0.400926 0.037760 0.030556
0 0.061849 0.398843 0.040365 0.032870
0 0.089063 0.433333 0.025000 0.042593
0 0.065625 0.432870 0.030729 0.053704
0 0.049479 0.426389 0.040104 0.052778
0 0.122917 0.474537 0.034375 0.062037
0 0.156250 0.530093 0.021354 0.050926
0 0.111328 0.525926 0.026302 0.049074
0 0.081771 0.523148 0.045312 0.030556
0 0.015234 0.522917 0.029948 0.043056
0 0.072526 0.542824 0.043490 0.042130
0 0.066927 0.568287 0.040625 0.037500
0 0.063542 0.594676 0.041667 0.035648
0 0.053255 0.615278 0.038281 0.031481
0 0.044661 0.639352 0.039323 0.033333
0 0.126823 0.639352 0.026562 0.050000
0 0.092448 0.796759 0.066146 0.059259
0 0.293620 0.780556 0.050781 0.042593
0 0.466667 0.774769 0.052604 0.044907
0 0.412109 0.353472 0.016406 0.039352
0 0.397917 0.356250 0.022396 0.046759
0 0.369010 0.341667 0.034375 0.071296
0 0.453516 0.277315 0.020573 0.050000
0 0.377995 0.279167 0.026302 0.039815
0 0.389193 0.226389 0.025781 0.050000
0 0.428385 0.183102 0.023958 0.055093
0 0.412500 0.145139 0.018229 0.037500
0 0.397005 0.139583 0.012760 0.034722
0 0.413542 0.110417 0.033333 0.025463
0 0.419661 0.084028 0.014323 0.035648
0 0.632161 0.019444 0.018490 0.037963
0 0.666667 0.042361 0.017188 0.025463
0 0.662240 0.066204 0.016667 0.037037
0 0.676042 0.070139 0.018750 0.032870
0 0.688151 0.069907 0.020573 0.031481
0 0.664583 0.101389 0.018750 0.033333
0 0.617578 0.105093 0.020052 0.031481
0 0.649609 0.181250 0.024740 0.044907
0 0.671094 0.161111 0.017708 0.052778
0 0.683203 0.161806 0.015885 0.048611
0 0.636198 0.202546 0.025000 0.050463
0 0.646484 0.223148 0.018490 0.041667
0 0.648958 0.251852 0.017708 0.046296
0 0.650781 0.284028 0.016667 0.046759
0 0.612240 0.326157 0.035417 0.057870
0 0.652865 0.334722 0.021875 0.050926
0 0.693880 0.343287 0.020573 0.059722
0 0.658333 0.623148 0.023438 0.062037
0 0.657943 0.385648 0.023177 0.044444
0 0.676562 0.383565 0.027083 0.065278
0 0.590495 0.430324 0.042448 0.067130
0 0.593359 0.476852 0.032031 0.051852
0 0.655859 0.506713 0.030469 0.070833
0 0.660417 0.568750 0.023438 0.053241
0 0.598437 0.578472 0.035417 0.076389
0 0.597917 0.529630 0.027604 0.055556
0 0.593750 0.706250 0.021875 0.058796
0 0.984505 0.038426 0.025260 0.040741
