1 0.193490 0.456481 0.031250 0.060185
1 0.209766 0.335880 0.028906 0.078241
1 0.252083 0.278704 0.018750 0.047222
1 0.255599 0.243519 0.020052 0.038889
1 0.259505 0.192824 0.022656 0.039352
1 0.259896 0.160648 0.017708 0.036111
0 0.262891 0.134722 0.015885 0.027778
0 0.276042 0.091898 0.020833 0.033796
0 0.226042 0.064352 0.022917 0.036111
0 0.243880 0.070602 0.012240 0.027315
0 0.241016 0.093981 0.016927 0.027778
0 0.239323 0.131019 0.014583 0.024074
0 0.237500 0.153241 0.016146 0.031481
0 0.236198 0.182639 0.018750 0.030093
0 0.198568 0.246991 0.017969 0.043056
0 0.184115 0.248380 0.019792 0.050463
0 0.192318 0.329630 0.020573 0.044444
0 0.248177 0.313657 0.016667 0.034722
0 0.251302 0.030556 0.015104 0.032407
0 0.252865 0.010185 0.013542 0.019444
0 0.291927 0.031019 0.017708 0.024074
0 0.290365 0.015509 0.014583 0.026389
0 0.183464 0.386111 0.021615 0.052778
0 0.165104 0.389352 0.018229 0.052778
0 0.170443 0.433796 0.015885 0.053704
0 0.147266 0.598380 0.027865 0.061574
0 0.131771 0.762731 0.031771 0.078241
0 0.083073 0.796759 0.032292 0.081481
0 0.082031 0.889120 0.032813 0.079167
0 0.109635 0.869676 0.026562 0.063426
0 0.098828 0.942130 0.030990 0.085185
0 0.190625 0.917824 0.027604 0.086574
0 0.622786 0.876852 0.044010 0.084259
0 0.584245 0.913194 0.034115 0.093981
0 0.527865 0.881250 0.032292 0.068981
0 0.502474 0.714583 0.035156 0.081944
0 0.525781 0.598380 0.029687 0.068981
0 0.513802 0.528935 0.026042 0.065278
0 0.478385 0.562269 0.028646 0.070833
0 0.492969 0.275926 0.028646 0.054630
0 0.490495 0.233333 0.039323 0.029630
0 0.493620 0.190741 0.022135 0.047222
0 0.474479 0.196528 0.019792 0.041204
0 0.448698 0.160417 0.023958 0.035648
0 0.475651 0.116435 0.019010 0.039352
0 0.467318 0.071991 0.016927 0.035648
0 0.454427 0.030787 0.017188 0.030093
0 0.438151 0.040509 0.017969 0.037500
0 0.426302 0.040046 0.015104 0.029167
0 0.429557 0.065278 0.014323 0.038889
0 0.407682 0.093056 0.018490 0.038889
0 0.607422 0.026620 0.016927 0.031944
0 0.596224 0.069444 0.019531 0.036111
0 0.618099 0.060417 0.021094 0.037500
0 0.630729 0.092361 0.023958 0.037500
0 0.670573 0.192130 0.025000 0.047222
0 0.700651 0.277546 0.032031 0.042130
1 0.688672 0.232407 0.037240 0.050000
1 0.455078 0.057870 0.018490 0.046296
0 0.755599 0.289352 0.037760 0.036111
0 0.925391 0.284722 0.032031 0.037963
0 0.936979 0.240046 0.025000 0.032870
0 0.919010 0.353472 0.033333 0.063426
0 0.954948 0.425926 0.035937 0.060185
0 0.980990 0.463889 0.032813 0.046296
