1 0.172656 0.480093 0.028125 0.060185
1 0.185807 0.357407 0.028906 0.070370
1 0.225911 0.293056 0.020052 0.041667
1 0.227214 0.257870 0.022656 0.037963
1 0.231120 0.208102 0.021094 0.040278
1 0.230599 0.174074 0.021615 0.035185
1 0.661198 0.221528 0.030729 0.042130
1 0.423828 0.059491 0.016927 0.041204
0 0.437891 0.072454 0.016927 0.038426
0 0.448047 0.117361 0.018490 0.031944
0 0.423307 0.037037 0.014844 0.023148
0 0.408464 0.043519 0.016406 0.029630
0 0.396615 0.044676 0.015625 0.025463
0 0.400260 0.064583 0.018229 0.031944
0 0.377604 0.099074 0.020833 0.037963
0 0.421745 0.163657 0.021094 0.036574
0 0.449740 0.197685 0.017188 0.037963
0 0.464844 0.192593 0.018229 0.037037
0 0.465365 0.233565 0.035417 0.024537
0 0.469401 0.273611 0.023698 0.041667
0 0.575391 0.896065 0.034115 0.089352
0 0.615365 0.862037 0.041667 0.085185
0 0.518099 0.875694 0.025781 0.064352
0 0.489844 0.716898 0.035417 0.070833
0 0.511328 0.594444 0.036198 0.070370
0 0.497266 0.527778 0.027865 0.053704
0 0.462630 0.559954 0.028385 0.063426
0 0.950521 0.431713 0.033854 0.051389
0 0.929036 0.396528 0.030990 0.054167
0 0.888281 0.328241 0.030729 0.058333
0 0.892188 0.262037 0.028646 0.033333
0 0.904036 0.216435 0.025781 0.030093
0 0.728385 0.274537 0.036458 0.036111
0 0.675781 0.268981 0.035417 0.044444
0 0.643620 0.186343 0.024219 0.041204
0 0.601042 0.088426 0.022917 0.034259
0 0.588411 0.057176 0.019010 0.033796
0 0.575391 0.021991 0.015885 0.024537
0 0.181901 0.943056 0.026823 0.086111
0 0.085156 0.964815 0.029167 0.070370
0 0.095703 0.902778 0.026823 0.061111
0 0.066667 0.921759 0.029167 0.077778
0 0.067057 0.825000 0.029948 0.073148
0 0.116146 0.790509 0.031771 0.067130
0 0.126432 0.622454 0.026302 0.059722
0 0.148828 0.454861 0.020052 0.042130
0 0.157943 0.408796 0.021094 0.049074
0 0.139844 0.408565 0.019792 0.047685
0 0.165755 0.350000 0.017448 0.038889
0 0.222135 0.327546 0.015625 0.034722
0 0.170443 0.263194 0.018490 0.043056
0 0.156380 0.266435 0.016406 0.046759
0 0.232943 0.147454 0.015885 0.029167
0 0.207031 0.195833 0.018229 0.032407
0 0.207161 0.169444 0.015885 0.033333
0 0.207552 0.142593 0.016667 0.030556
0 0.244010 0.102083 0.019271 0.031019
0 0.209375 0.104861 0.015625 0.026389
0 0.211589 0.082639 0.017448 0.026389
0 0.192839 0.079630 0.023177 0.030556
0 0.258594 0.041898 0.017188 0.023611
0 0.256771 0.025231 0.015625 0.023611
0 0.257422 0.006944 0.011719 0.012963
0 0.217839 0.043750 0.016927 0.031944
0 0.220182 0.017593 0.014323 0.027778
