1 0.583724 0.921296 0.109115 0.082407
1 0.619661 0.227083 0.022135 0.053241
1 0.579427 0.346991 0.044792 0.047685
1 0.617839 0.189583 0.018490 0.054167
1 0.621354 0.156713 0.013542 0.043056
1 0.620833 0.121991 0.017708 0.041204
1 0.648698 0.085880 0.019792 0.049537
1 0.647135 0.020602 0.015625 0.038426
1 0.386068 0.305324 0.019010 0.046759
1 0.251693 0.071991 0.022656 0.051389
1 0.143359 0.578935 0.038281 0.069907
1 0.089193 0.583565 0.029948 0.064352
0 0.201823 0.256019 0.027083 0.045370
0 0.181380 0.314120 0.028906 0.052315
0 0.147135 0.343056 0.039062 0.044444
0 0.125260 0.411574 0.033333 0.053704
0 0.099609 0.398148 0.035156 0.028704
0 0.059245 0.395602 0.037760 0.032870
0 0.084375 0.429167 0.025000 0.045370
0 0.067187 0.434722 0.028125 0.045370
0 0.049609 0.433796 0.028906 0.054630
0 0.120573 0.474537 0.031250 0.049074
0 0.106771 0.526389 0.025521 0.059259
0 0.155078 0.528009 0.022656 0.050463
0 0.013542 0.519676 0.026562 0.046759
0 0.077865 0.520370 0.042708 0.035185
0 0.069792 0.543287 0.048438 0.029167
0 0.060937 0.567130 0.044271 0.036111
0 0.054557 0.589815 0.041927 0.036111
0 0.050260 0.616435 0.038542 0.040278
0 0.042448 0.644444 0.040104 0.033333
0 0.126562 0.643519 0.029167 0.056481
0 0.095703 0.789120 0.047656 0.061574
0 0.296745 0.776389 0.052344 0.046296
0 0.463281 0.769907 0.052083 0.040741
0 0.411589 0.350000 0.018490 0.037963
0 0.415365 0.318750 0.016146 0.042130
0 0.396354 0.351852 0.018750 0.063889
0 0.376302 0.349769 0.016146 0.047685
0 0.378125 0.285880 0.016146 0.046759
0 0.386719 0.228472 0.018750 0.040278
0 0.453385 0.277315 0.015104 0.047222
0 0.428255 0.182639 0.015885 0.041204
0 0.411849 0.146759 0.012240 0.033333
0 0.398828 0.143981 0.018490 0.037037
0 0.411198 0.111111 0.031771 0.025926
0 0.420443 0.084028 0.017969 0.039352
0 0.633464 0.016667 0.014844 0.032407
0 0.664583 0.039815 0.012500 0.028704
0 0.661849 0.061806 0.016406 0.036574
0 0.675911 0.067361 0.015365 0.044907
0 0.690495 0.068287 0.013281 0.049537
0 0.663932 0.097454 0.015365 0.039352
1 0.648958 0.149074 0.016146 0.040741
0 0.672526 0.163194 0.015365 0.032870
0 0.686589 0.165509 0.017969 0.035648
0 0.650260 0.179861 0.015104 0.031019
0 0.633464 0.193981 0.019531 0.037963
0 0.648177 0.219907 0.019792 0.040741
0 0.650781 0.256019 0.019792 0.036111
0 0.651172 0.282870 0.020052 0.037037
0 0.609766 0.327546 0.026302 0.039352
0 0.655859 0.338426 0.014844 0.044444
0 0.692448 0.340046 0.019792 0.052315
0 0.682031 0.391435 0.029167 0.041204
0 0.656510 0.382639 0.017188 0.040278
0 0.594271 0.430324 0.028125 0.045833
0 0.596875 0.472917 0.025000 0.056944
0 0.658854 0.511806 0.019271 0.050463
0 0.598568 0.528241 0.026302 0.049074
0 0.658464 0.565509 0.024740 0.064352
0 0.659896 0.625463 0.021354 0.055556
0 0.595964 0.584028 0.027344 0.074537
0 0.589193 0.701620 0.021615 0.062500
0 0.983073 0.046991 0.024479 0.040278
