1 0.582031 0.920602 0.117188 0.073611
1 0.583594 0.343056 0.035937 0.036111
1 0.622135 0.228241 0.017188 0.046296
1 0.623568 0.189352 0.019010 0.037963
1 0.621224 0.151157 0.014323 0.051389
1 0.622266 0.122685 0.020052 0.038889
1 0.645443 0.079398 0.022656 0.064352
1 0.647135 0.024074 0.013021 0.046296
1 0.386719 0.305093 0.018229 0.062037
1 0.251823 0.063194 0.020833 0.052315
1 0.140885 0.574537 0.033333 0.067593
1 0.090885 0.577083 0.033854 0.066204
0 0.204427 0.256713 0.026042 0.048611
0 0.177214 0.309028 0.029948 0.045833
0 0.196875 0.305324 0.022396 0.039352
0 0.148568 0.346991 0.047656 0.043056
0 0.127344 0.418750 0.023958 0.038426
0 0.101823 0.397685 0.034375 0.022222
0 0.063802 0.393519 0.043229 0.030556
0 0.084505 0.429861 0.019531 0.043981
0 0.121615 0.474306 0.023958 0.065278
0 0.061979 0.426852 0.028125 0.050000
0 0.048307 0.430093 0.026302 0.051852
0 0.107031 0.529167 0.025521 0.055556
0 0.151562 0.526852 0.031771 0.049074
0 0.014844 0.521991 0.029167 0.044907
0 0.080469 0.522917 0.046875 0.033796
0 0.072396 0.543287 0.040104 0.036574
0 0.061719 0.569907 0.042708 0.030556
0 0.055469 0.590046 0.046875 0.032870
0 0.050781 0.614815 0.037500 0.030556
0 0.042188 0.644907 0.045833 0.037963
0 0.132682 0.640509 0.038802 0.063426
0 0.096875 0.789815 0.059896 0.060185
0 0.290625 0.777546 0.052604 0.045833
0 0.461458 0.773611 0.056771 0.045370
0 0.412109 0.353009 0.015365 0.046759
0 0.413411 0.314815 0.021615 0.041667
0 0.394271 0.353472 0.017188 0.052315
0 0.373307 0.342824 0.024740 0.045833
0 0.376693 0.285880 0.020052 0.040278
0 0.387109 0.227778 0.015885 0.039815
0 0.427865 0.188657 0.018229 0.049537
0 0.451172 0.268981 0.021094 0.061111
0 0.410677 0.134491 0.023438 0.035648
0 0.398047 0.143519 0.013281 0.026852
0 0.415365 0.111574 0.033333 0.030556
0 0.417969 0.082639 0.019271 0.043056
0 0.667448 0.038657 0.011979 0.027315
0 0.691146 0.065509 0.008333 0.029167
0 0.676172 0.065046 0.012760 0.030093
0 0.663802 0.064815 0.018229 0.037037
0 0.664583 0.096065 0.015104 0.033796
0 0.621224 0.100000 0.018490 0.027778
1 0.647917 0.142361 0.019792 0.038426
0 0.671224 0.161574 0.013281 0.034259
0 0.684635 0.162037 0.018229 0.030556
0 0.649089 0.178935 0.016927 0.039352
0 0.635156 0.195602 0.015625 0.043056
0 0.649479 0.217130 0.020313 0.045370
0 0.651302 0.249769 0.017708 0.043056
0 0.611458 0.328704 0.034375 0.045370
0 0.654948 0.334259 0.022396 0.042593
0 0.650651 0.282870 0.017969 0.041667
0 0.692708 0.335880 0.022917 0.050463
0 0.682161 0.390972 0.025781 0.044907
0 0.656771 0.375000 0.020833 0.045370
0 0.595443 0.425000 0.026823 0.057407
0 0.595573 0.473843 0.025521 0.055093
0 0.657552 0.511111 0.022917 0.055556
0 0.597917 0.525231 0.026562 0.054167
0 0.596745 0.580556 0.027865 0.070370
0 0.658464 0.569676 0.030469 0.064352
0 0.659245 0.623843 0.021094 0.059722
0 0.591016 0.703704 0.024219 0.047222
0 0.983333 0.054398 0.028646 0.043056
