1 0.580599 0.918519 0.112240 0.086111
1 0.581120 0.345833 0.041406 0.037037
1 0.620833 0.227315 0.017708 0.054630
1 0.620964 0.190046 0.015365 0.049537
1 0.621745 0.150463 0.018490 0.053704
1 0.620573 0.119444 0.018229 0.039815
1 0.648958 0.147222 0.014583 0.045370
1 0.646224 0.080556 0.019010 0.054630
1 0.647135 0.022685 0.012500 0.044444
1 0.384115 0.304167 0.020833 0.051852
1 0.251823 0.065741 0.018750 0.037963
1 0.144141 0.575000 0.027344 0.071296
1 0.089583 0.580324 0.030729 0.063426
0 0.194141 0.249769 0.027865 0.054167
0 0.199219 0.306481 0.022917 0.046296
0 0.177865 0.313194 0.027604 0.048611
0 0.149740 0.345139 0.040625 0.037500
0 0.129427 0.417361 0.026042 0.034722
0 0.100260 0.396065 0.041146 0.032870
0 0.059766 0.395370 0.039844 0.033333
0 0.083203 0.428704 0.020052 0.041667
0 0.066536 0.431481 0.024740 0.051852
0 0.049219 0.430556 0.023958 0.056481
0 0.119792 0.473843 0.028125 0.067130
0 0.152734 0.523611 0.023177 0.055556
0 0.105729 0.524306 0.029167 0.048611
0 0.079557 0.518056 0.045052 0.035185
0 0.013281 0.516667 0.026042 0.052778
0 0.070443 0.540509 0.041406 0.037500
0 0.062630 0.566435 0.036719 0.032870
0 0.055599 0.591667 0.045573 0.031481
0 0.049219 0.610880 0.038021 0.040278
0 0.039974 0.641667 0.046615 0.040741
0 0.125781 0.639815 0.033854 0.057407
0 0.096224 0.788657 0.054948 0.057870
0 0.298568 0.782639 0.047135 0.041204
0 0.464974 0.776389 0.052865 0.048148
0 0.413932 0.353704 0.018490 0.051852
0 0.413542 0.319907 0.023958 0.046296
0 0.395573 0.350000 0.017708 0.062963
0 0.373437 0.347917 0.017708 0.044907
0 0.374609 0.284259 0.019010 0.037037
0 0.388151 0.228241 0.016406 0.034259
0 0.453516 0.276157 0.017969 0.041204
0 0.428516 0.183333 0.009635 0.040741
0 0.411979 0.143519 0.009375 0.028704
0 0.397266 0.137963 0.014323 0.037037
0 0.409766 0.105556 0.027865 0.026852
0 0.418620 0.082407 0.022656 0.037037
0 0.667188 0.040741 0.015104 0.025926
0 0.663281 0.067361 0.014583 0.033796
0 0.676693 0.068750 0.017969 0.039352
0 0.690365 0.068287 0.014583 0.031944
0 0.665625 0.099537 0.013021 0.039815
0 0.671615 0.159954 0.012500 0.033796
0 0.685677 0.161111 0.011458 0.034259
0 0.650781 0.184028 0.016667 0.037500
0 0.635417 0.192824 0.016667 0.038426
0 0.647135 0.218287 0.020833 0.038426
0 0.650260 0.254167 0.020313 0.037037
0 0.651693 0.281481 0.016927 0.035185
0 0.612240 0.324074 0.027083 0.044444
0 0.655078 0.334954 0.017969 0.040278
0 0.691276 0.336574 0.026823 0.050926
0 0.655729 0.374074 0.022917 0.041667
0 0.681901 0.387500 0.031510 0.044444
0 0.592708 0.430093 0.037500 0.050926
0 0.598307 0.475463 0.023698 0.057407
0 0.598958 0.524537 0.023438 0.047222
0 0.597005 0.577083 0.028385 0.066204
0 0.658984 0.510185 0.020052 0.056481
0 0.660547 0.566204 0.025781 0.065741
0 0.660026 0.622222 0.033594 0.063889
0 0.592969 0.700694 0.025521 0.065278
0 0.983464 0.050463 0.024219 0.045370
