1 0.158854 0.491435 0.027083 0.058796
1 0.171354 0.367130 0.028646 0.069444
1 0.212109 0.302315 0.020052 0.042593
1 0.213411 0.267361 0.016927 0.042130
1 0.215885 0.216898 0.022917 0.041204
1 0.216667 0.184722 0.019792 0.037963
1 0.408594 0.062963 0.018229 0.039815
1 0.646094 0.219907 0.028646 0.047222
0 0.660547 0.264815 0.033594 0.042593
0 0.627865 0.182639 0.026042 0.039352
0 0.584896 0.089120 0.021354 0.032870
0 0.572526 0.056713 0.022135 0.032870
0 0.558203 0.023380 0.015885 0.030093
0 0.431380 0.120370 0.020573 0.037963
0 0.434635 0.200000 0.017188 0.039815
0 0.452214 0.196528 0.021615 0.037500
0 0.451042 0.235417 0.032292 0.027315
0 0.456250 0.277083 0.022917 0.040278
0 0.406120 0.164815 0.020573 0.037963
0 0.423177 0.078009 0.017708 0.033796
0 0.391667 0.046296 0.016667 0.030556
0 0.407552 0.041204 0.016667 0.028704
0 0.379427 0.047222 0.019271 0.030556
0 0.384115 0.069907 0.020313 0.034259
0 0.362630 0.107176 0.023177 0.039352
0 0.911849 0.385185 0.032031 0.048148
0 0.932943 0.417824 0.032552 0.044907
0 0.986068 0.481713 0.027865 0.043056
0 0.871615 0.319444 0.032292 0.049074
0 0.873828 0.250000 0.027865 0.036111
0 0.887500 0.208333 0.027604 0.025926
0 0.979818 0.176157 0.028906 0.030093
0 0.714974 0.271296 0.031510 0.033333
0 0.764453 0.200000 0.022135 0.036111
0 0.571875 0.898843 0.033333 0.088426
0 0.610026 0.864120 0.039323 0.079167
0 0.515234 0.876157 0.039323 0.069907
0 0.482943 0.715278 0.034635 0.071296
0 0.504167 0.595833 0.035417 0.077778
0 0.488542 0.527778 0.027604 0.059259
0 0.452604 0.564583 0.033854 0.069907
0 0.175260 0.957176 0.032292 0.085648
0 0.091536 0.922222 0.032031 0.062037
0 0.059115 0.941204 0.026562 0.082407
0 0.079818 0.976157 0.028385 0.047685
0 0.058854 0.847222 0.035417 0.079630
0 0.109245 0.807176 0.028385 0.072685
0 0.117188 0.642130 0.029167 0.065741
0 0.134896 0.470370 0.021875 0.052778
0 0.145964 0.421296 0.022135 0.050926
0 0.125521 0.423843 0.025521 0.053241
0 0.151953 0.362963 0.023177 0.043519
0 0.209245 0.338889 0.018490 0.041667
0 0.155729 0.274537 0.019271 0.050000
0 0.141536 0.276852 0.017448 0.048148
0 0.189714 0.204167 0.019010 0.037963
0 0.217969 0.158796 0.016667 0.035185
0 0.227474 0.109954 0.022135 0.040278
0 0.189323 0.174769 0.017188 0.035648
0 0.193099 0.155324 0.016406 0.028241
0 0.194271 0.120833 0.019271 0.033333
0 0.194661 0.095833 0.014323 0.030556
0 0.174870 0.086111 0.031510 0.041667
0 0.200651 0.051620 0.016927 0.036574
0 0.200911 0.027546 0.015885 0.034722
0 0.242839 0.049306 0.016406 0.020833
0 0.240365 0.031019 0.019271 0.030556
0 0.239063 0.011806 0.016667 0.022685
0 0.202604 0.009491 0.017188 0.018056
