1 0.577344 0.919676 0.120313 0.080093
1 0.580599 0.348380 0.039323 0.038426
1 0.622786 0.231481 0.021094 0.058333
1 0.617969 0.192361 0.017188 0.048611
1 0.616797 0.151620 0.019531 0.043056
1 0.619010 0.122222 0.014583 0.032407
1 0.646745 0.148611 0.020052 0.044444
1 0.646484 0.084491 0.016927 0.059722
1 0.648568 0.021759 0.013281 0.042593
1 0.386719 0.307870 0.018229 0.051852
1 0.252344 0.070139 0.022917 0.046759
1 0.143880 0.581481 0.042969 0.070370
1 0.088151 0.584954 0.035677 0.065278
0 0.201823 0.254398 0.021875 0.048611
0 0.177865 0.313426 0.023958 0.054630
0 0.150260 0.343981 0.040625 0.038889
0 0.128776 0.420370 0.028385 0.049074
0 0.102214 0.399306 0.037240 0.035648
0 0.060417 0.397222 0.047396 0.037963
0 0.085677 0.431250 0.019271 0.046759
0 0.065625 0.435417 0.026042 0.055093
0 0.042057 0.429398 0.034115 0.056019
0 0.121615 0.474306 0.028125 0.064352
0 0.170182 0.466667 0.025260 0.053704
0 0.155339 0.529167 0.023698 0.050000
0 0.110937 0.525231 0.029167 0.069907
0 0.080859 0.522454 0.041927 0.036574
0 0.075911 0.546528 0.050260 0.041204
0 0.018099 0.528241 0.035677 0.047222
0 0.065625 0.569907 0.038542 0.039815
0 0.059505 0.592130 0.047135 0.046296
0 0.051823 0.610880 0.039583 0.040278
0 0.046745 0.639120 0.049740 0.045833
0 0.128646 0.641204 0.033333 0.062037
0 0.095964 0.792130 0.051302 0.048148
0 0.297786 0.781713 0.041406 0.041204
0 0.466797 0.771296 0.047656 0.049074
0 0.412891 0.355093 0.017969 0.049074
0 0.416016 0.316204 0.019531 0.049074
0 0.394792 0.352083 0.021875 0.055093
0 0.375260 0.350231 0.025000 0.046759
0 0.373307 0.283333 0.024740 0.045370
0 0.387500 0.228241 0.022396 0.049074
0 0.450391 0.275231 0.023698 0.051389
0 0.428906 0.185417 0.021875 0.041204
0 0.413932 0.145139 0.012240 0.033796
0 0.399089 0.141898 0.017448 0.036574
0 0.411068 0.112731 0.028385 0.023611
0 0.416927 0.080556 0.022396 0.037963
0 0.667969 0.039120 0.016667 0.027315
0 0.633333 0.015046 0.014583 0.029167
0 0.664193 0.065741 0.017448 0.044444
0 0.676432 0.070139 0.022656 0.031019
0 0.690755 0.069676 0.021094 0.033796
0 0.664583 0.099074 0.017708 0.035185
0 0.672005 0.162037 0.015885 0.029630
0 0.685417 0.162269 0.017188 0.038426
0 0.652604 0.181250 0.018750 0.032870
0 0.632422 0.195370 0.014323 0.040741
0 0.649870 0.216667 0.021615 0.039815
0 0.648698 0.252315 0.019271 0.038889
0 0.651953 0.282639 0.021094 0.041204
0 0.611849 0.326389 0.028385 0.044444
0 0.655729 0.337731 0.016667 0.044907
0 0.692187 0.340972 0.019271 0.046759
0 0.681641 0.390278 0.032552 0.047222
0 0.653646 0.380093 0.020313 0.049074
0 0.595964 0.429167 0.028906 0.053704
0 0.598958 0.475694 0.027083 0.059722
0 0.658464 0.511111 0.022656 0.052778
0 0.599349 0.526389 0.025260 0.050926
0 0.597135 0.579861 0.025521 0.060648
0 0.658854 0.566435 0.020833 0.062500
0 0.661719 0.622454 0.030208 0.068056
0 0.592578 0.701852 0.024740 0.063889
0 0.982292 0.043056 0.027083 0.053704
