1 0.576042 0.909028 0.106771 0.082870
1 0.140234 0.571065 0.038281 0.072685
1 0.090234 0.580093 0.036719 0.059259
1 0.253385 0.062963 0.025521 0.045370
1 0.384375 0.296991 0.018750 0.061574
1 0.585286 0.343750 0.038802 0.039352
1 0.623307 0.223380 0.020052 0.061574
1 0.618620 0.187731 0.025260 0.043056
1 0.619661 0.147917 0.015365 0.041204
1 0.620703 0.120139 0.013281 0.040278
1 0.648698 0.081944 0.017188 0.054630
1 0.645182 0.018750 0.019010 0.036574
1 0.648698 0.140278 0.017188 0.050000
0 0.202344 0.249537 0.026562 0.051852
0 0.194661 0.308565 0.017448 0.038426
0 0.180469 0.310185 0.026042 0.044444
0 0.150260 0.341204 0.034375 0.031481
0 0.128255 0.412269 0.023698 0.044907
0 0.099479 0.391204 0.032813 0.021296
0 0.060547 0.395370 0.033073 0.025000
0 0.084375 0.427778 0.019792 0.040741
0 0.065755 0.427315 0.020573 0.039815
0 0.047526 0.428009 0.027344 0.036574
0 0.120443 0.468981 0.030469 0.056481
0 0.012760 0.517130 0.025000 0.048148
0 0.077344 0.512963 0.037500 0.036111
0 0.106771 0.523380 0.025000 0.046759
0 0.152344 0.528009 0.019792 0.048611
0 0.070703 0.538194 0.039323 0.034722
0 0.063021 0.565741 0.034896 0.034259
0 0.054167 0.584954 0.040625 0.040278
0 0.045182 0.608102 0.042448 0.039352
0 0.040495 0.635185 0.045052 0.041667
0 0.125391 0.634722 0.025260 0.050000
0 0.105729 0.786574 0.058333 0.053704
0 0.295964 0.775231 0.050781 0.037500
0 0.464453 0.772917 0.053385 0.050463
0 0.593099 0.701852 0.030469 0.057407
0 0.660547 0.615046 0.023698 0.062500
0 0.596094 0.574074 0.027604 0.062037
0 0.660156 0.563426 0.023958 0.058333
0 0.658724 0.513889 0.028385 0.065741
0 0.604036 0.524769 0.029948 0.048611
0 0.598698 0.470370 0.022917 0.057407
0 0.596484 0.429167 0.030990 0.059259
0 0.681771 0.389120 0.029167 0.045833
0 0.657813 0.375926 0.022917 0.047222
0 0.656510 0.338194 0.017708 0.045833
0 0.691927 0.334722 0.023958 0.050926
0 0.649089 0.277315 0.021094 0.049074
0 0.649479 0.247454 0.020313 0.043056
0 0.647917 0.217593 0.020833 0.044444
0 0.635677 0.189120 0.011979 0.030093
0 0.650651 0.181713 0.015365 0.038426
0 0.673307 0.160880 0.014323 0.043981
0 0.685026 0.164583 0.013802 0.037500
0 0.666536 0.101157 0.016406 0.035648
0 0.663932 0.059259 0.016406 0.037037
0 0.678385 0.065741 0.013542 0.031481
0 0.691016 0.061111 0.014323 0.031481
0 0.669271 0.043056 0.014063 0.034259
0 0.418490 0.075926 0.017188 0.040741
0 0.410938 0.105556 0.031250 0.025926
0 0.398568 0.137269 0.017448 0.037500
0 0.412760 0.140509 0.011979 0.028241
0 0.429297 0.181481 0.016927 0.055556
0 0.452604 0.272685 0.016667 0.048148
0 0.388151 0.222917 0.018490 0.043981
0 0.377083 0.275694 0.017708 0.038426
0 0.416276 0.310648 0.016406 0.045370
0 0.411328 0.348611 0.016406 0.050926
0 0.397005 0.348843 0.014844 0.054167
0 0.375391 0.343750 0.014844 0.048611
