0 0.164844 0.971296 0.022396 0.056481
0 0.072917 0.959028 0.025000 0.065278
0 0.044401 0.969444 0.026823 0.060185
0 0.039844 0.885648 0.030729 0.087037
0 0.089193 0.838194 0.025260 0.069907
0 0.165495 0.810648 0.022135 0.062037
0 0.093750 0.670370 0.026042 0.069444
1 0.134115 0.518981 0.029687 0.059259
0 0.108073 0.494444 0.019271 0.045370
0 0.116276 0.446065 0.020573 0.054167
0 0.096224 0.449769 0.023177 0.055093
0 0.121224 0.384028 0.019010 0.045833
1 0.142969 0.389583 0.028125 0.071759
0 0.181120 0.359954 0.020052 0.039352
1 0.180990 0.321528 0.019271 0.042130
1 0.181771 0.287731 0.019792 0.042130
1 0.183724 0.237269 0.023698 0.046759
1 0.180599 0.200231 0.021615 0.040278
0 0.155599 0.223380 0.020052 0.032870
0 0.121745 0.298843 0.016406 0.043981
0 0.107422 0.301620 0.017448 0.045833
0 0.155339 0.196528 0.016927 0.030093
0 0.157292 0.173380 0.015625 0.026389
0 0.183464 0.175231 0.016927 0.029167
0 0.191667 0.125694 0.020833 0.042130
0 0.156120 0.134259 0.013281 0.025926
0 0.156641 0.110880 0.014844 0.028241
0 0.137370 0.106019 0.024219 0.036111
0 0.162240 0.070833 0.015625 0.034259
0 0.160417 0.042130 0.015625 0.027778
0 0.161849 0.020833 0.014323 0.030556
0 0.204297 0.063194 0.017448 0.025463
0 0.201172 0.046759 0.014323 0.024074
0 0.199740 0.027083 0.016146 0.023611
0 0.200521 0.008102 0.012500 0.015278
0 0.344922 0.054630 0.017448 0.030556
0 0.356901 0.052083 0.016406 0.030093
0 0.348438 0.076852 0.016667 0.027778
0 0.327995 0.114120 0.020052 0.036574
0 0.373698 0.172917 0.022396 0.035648
0 0.404818 0.205093 0.019531 0.037963
0 0.422266 0.200231 0.022135 0.039352
0 0.421224 0.238657 0.037240 0.029167
0 0.428125 0.282407 0.021875 0.035185
0 0.388151 0.081019 0.016406 0.036111
0 0.398438 0.124306 0.019792 0.035648
0 0.372266 0.047454 0.013802 0.025463
1 0.372917 0.068981 0.018750 0.039815
0 0.469141 0.528704 0.032031 0.055556
0 0.485026 0.592361 0.037760 0.076389
0 0.436198 0.565278 0.034375 0.071296
0 0.954297 0.447454 0.029427 0.043981
0 0.898568 0.387269 0.027344 0.041204
0 0.878776 0.357407 0.029427 0.043519
0 0.838672 0.294907 0.026823 0.048148
0 0.685547 0.256944 0.033073 0.034259
0 0.631771 0.255093 0.034375 0.039815
1 0.616146 0.212731 0.026042 0.039352
0 0.596615 0.176389 0.025521 0.039815
0 0.728776 0.182870 0.019010 0.031481
0 0.550521 0.083796 0.022917 0.037963
0 0.537370 0.053472 0.025781 0.032870
0 0.523698 0.021296 0.018750 0.031481
0 0.847917 0.184259 0.028125 0.033333
0 0.946094 0.107639 0.023438 0.038426
0 0.958073 0.064583 0.025000 0.031019
0 0.965365 0.467593 0.026562 0.033333
0 0.468099 0.714352 0.042969 0.085185
0 0.506120 0.871991 0.039844 0.081944
0 0.563021 0.894444 0.046354 0.100000
0 0.600391 0.850000 0.055469 0.093519
