1 0.139323 0.511111 0.030208 0.054630
1 0.151172 0.385880 0.030469 0.072685
1 0.189583 0.315741 0.021354 0.040741
1 0.190234 0.281250 0.020573 0.041204
1 0.191536 0.233102 0.021615 0.048611
1 0.190365 0.196991 0.021875 0.041204
1 0.382422 0.068056 0.019531 0.040741
1 0.624479 0.212037 0.027604 0.045370
0 0.640365 0.257639 0.034896 0.043056
0 0.693359 0.258333 0.031510 0.037037
0 0.606120 0.177778 0.025781 0.039815
0 0.560026 0.087269 0.022135 0.033796
0 0.546745 0.054398 0.022135 0.032870
0 0.533854 0.021296 0.018750 0.026852
0 0.857943 0.194444 0.024740 0.034259
0 0.849349 0.233796 0.023177 0.029630
0 0.947786 0.156019 0.024740 0.029630
0 0.957943 0.116667 0.022135 0.035185
0 0.969531 0.070833 0.022396 0.035185
0 0.847135 0.299769 0.029167 0.051389
0 0.887760 0.363426 0.030208 0.048148
0 0.907682 0.393981 0.026823 0.047222
0 0.965104 0.457870 0.033333 0.041667
0 0.978125 0.476620 0.038542 0.049537
0 0.564714 0.893056 0.036198 0.091667
0 0.600911 0.849537 0.039844 0.086111
0 0.510156 0.876852 0.029167 0.071296
0 0.472526 0.712963 0.038281 0.072222
0 0.491146 0.596296 0.038542 0.076852
0 0.473698 0.527778 0.030729 0.057407
0 0.438672 0.562963 0.035677 0.067593
0 0.435677 0.282407 0.025521 0.042593
0 0.430990 0.241898 0.038021 0.036574
0 0.413281 0.202083 0.016146 0.040278
0 0.430469 0.198148 0.022396 0.049074
0 0.382552 0.172454 0.021354 0.039352
0 0.405339 0.123148 0.021094 0.033333
0 0.398307 0.082176 0.017448 0.040278
0 0.382161 0.045370 0.014844 0.023148
0 0.365755 0.052083 0.016406 0.024537
0 0.354427 0.054630 0.014063 0.022222
0 0.358464 0.074074 0.017969 0.028704
0 0.337630 0.111806 0.019010 0.036574
0 0.168359 0.970139 0.024740 0.059722
0 0.077214 0.949769 0.025260 0.059722
0 0.048828 0.965278 0.029427 0.069444
0 0.044401 0.876157 0.029948 0.081019
0 0.094271 0.828935 0.027604 0.063426
0 0.100651 0.661806 0.026823 0.060648
0 0.115234 0.488657 0.019010 0.045833
0 0.124349 0.439583 0.021094 0.048611
0 0.105208 0.442593 0.020833 0.050000
0 0.129297 0.377315 0.020052 0.046296
0 0.115234 0.296991 0.019531 0.046759
0 0.130208 0.293519 0.018750 0.050000
0 0.187370 0.351852 0.020052 0.041667
0 0.192057 0.170139 0.014844 0.030093
0 0.164844 0.218056 0.016146 0.033333
0 0.163802 0.192361 0.018229 0.032870
0 0.165234 0.166898 0.016406 0.028241
0 0.201172 0.122685 0.018490 0.032407
0 0.165234 0.129398 0.015365 0.028241
0 0.166536 0.105324 0.013802 0.026389
0 0.148438 0.102546 0.022396 0.032870
0 0.213672 0.059722 0.016406 0.024074
0 0.211458 0.044444 0.013021 0.023148
0 0.211068 0.021991 0.012760 0.027315
0 0.172656 0.065278 0.016667 0.032407
0 0.171875 0.039120 0.015625 0.029167
0 0.171745 0.016898 0.016406 0.026389
