1 0.186849 0.466435 0.026302 0.056944
1 0.202474 0.343750 0.029948 0.071759
1 0.243750 0.281713 0.019271 0.043056
1 0.246615 0.245139 0.017708 0.040278
1 0.250651 0.200926 0.021615 0.048148
1 0.251823 0.164815 0.019792 0.037037
0 0.253776 0.137963 0.016927 0.029630
0 0.242318 0.317130 0.019531 0.036111
0 0.265365 0.093519 0.017708 0.032407
0 0.281641 0.034722 0.015885 0.023148
0 0.279297 0.016898 0.010677 0.020833
0 0.243359 0.011806 0.013281 0.022685
0 0.240234 0.033333 0.016927 0.031481
0 0.233984 0.073843 0.014844 0.027315
0 0.232031 0.098843 0.014063 0.026389
0 0.216667 0.071296 0.021875 0.028704
0 0.229557 0.135648 0.013281 0.025000
0 0.227734 0.156019 0.014323 0.031481
0 0.226953 0.185648 0.017448 0.035185
0 0.189974 0.251620 0.018490 0.043981
0 0.175651 0.254398 0.015885 0.041204
0 0.183594 0.334491 0.017188 0.045833
0 0.175521 0.393750 0.021875 0.047685
0 0.157031 0.396065 0.019271 0.044907
0 0.165104 0.442361 0.015625 0.049537
0 0.140495 0.608102 0.020573 0.065278
0 0.123958 0.768750 0.030729 0.068981
0 0.078906 0.806019 0.032292 0.080556
0 0.075521 0.897685 0.029687 0.082407
0 0.092969 0.952083 0.028125 0.078241
0 0.104948 0.878241 0.025000 0.062037
0 0.189193 0.928704 0.026302 0.082407
0 0.620703 0.868519 0.041927 0.082407
0 0.581901 0.910417 0.032031 0.094907
0 0.525391 0.878704 0.032552 0.079630
0 0.496875 0.716435 0.031250 0.083796
0 0.521224 0.596759 0.028906 0.083333
0 0.508464 0.529398 0.027344 0.053241
0 0.473177 0.559028 0.034375 0.064352
0 0.485547 0.275694 0.022135 0.040278
0 0.482682 0.231019 0.036719 0.027778
0 0.482682 0.191435 0.016927 0.040278
0 0.467448 0.195833 0.022396 0.038889
0 0.438932 0.161806 0.022656 0.043056
0 0.465755 0.115509 0.019531 0.042130
0 0.458854 0.074306 0.017188 0.039352
0 0.444141 0.033796 0.016406 0.030556
0 0.428646 0.040741 0.018229 0.027778
0 0.417708 0.041204 0.015625 0.025926
0 0.419401 0.061806 0.014844 0.030093
0 0.398568 0.097222 0.021615 0.034259
0 0.595964 0.024306 0.016927 0.023611
0 0.608203 0.057870 0.021094 0.037963
0 0.620833 0.092361 0.019792 0.036574
0 0.664062 0.193056 0.023958 0.051852
0 0.693099 0.277315 0.032552 0.048148
0 0.749609 0.286806 0.037240 0.042130
1 0.679688 0.230787 0.027604 0.043056
1 0.444531 0.058333 0.015625 0.045370
0 0.970833 0.449769 0.029167 0.051389
0 0.948568 0.414120 0.031510 0.056944
0 0.908594 0.347222 0.030208 0.053704
0 0.913411 0.275000 0.028385 0.035185
0 0.926953 0.234491 0.027344 0.032870
