1 0.164453 0.486343 0.028906 0.065278
1 0.180078 0.359954 0.027865 0.082870
1 0.219141 0.298380 0.021615 0.045833
1 0.222266 0.259954 0.025781 0.041204
1 0.222266 0.212269 0.022135 0.047685
1 0.224219 0.176620 0.020313 0.036574
1 0.417839 0.062500 0.019010 0.043519
1 0.654948 0.221991 0.029687 0.041204
0 0.181380 0.951620 0.034635 0.090278
0 0.084115 0.969213 0.028646 0.061574
0 0.092057 0.912037 0.023698 0.061111
0 0.062630 0.929861 0.029427 0.081019
0 0.061979 0.837500 0.029687 0.077778
0 0.111979 0.797454 0.028125 0.074537
0 0.122266 0.632639 0.028906 0.068981
0 0.141276 0.461574 0.016406 0.041667
0 0.153125 0.413657 0.021354 0.052315
0 0.133464 0.415741 0.021615 0.053704
0 0.158333 0.352546 0.019271 0.047685
0 0.216146 0.333102 0.016146 0.037500
0 0.164453 0.271065 0.021094 0.045833
0 0.149219 0.271528 0.017708 0.049537
0 0.227474 0.151852 0.017969 0.034259
0 0.200260 0.199306 0.015625 0.031944
0 0.200391 0.172917 0.018490 0.031019
0 0.200391 0.148148 0.017448 0.027778
0 0.203255 0.113889 0.016927 0.025926
0 0.236589 0.106944 0.018490 0.031481
0 0.186198 0.084028 0.021875 0.035648
0 0.204687 0.087037 0.015625 0.033333
0 0.210026 0.047222 0.018490 0.030556
0 0.210938 0.022222 0.017188 0.027778
0 0.251302 0.046065 0.018229 0.024537
0 0.250260 0.028241 0.016146 0.023148
0 0.249740 0.009722 0.013021 0.018519
0 0.372135 0.101852 0.019271 0.038889
0 0.393620 0.067593 0.016927 0.030556
0 0.389974 0.045370 0.012240 0.024074
0 0.400911 0.042361 0.016927 0.029167
0 0.416016 0.036806 0.015885 0.024537
0 0.432031 0.073843 0.017188 0.034722
0 0.441016 0.118056 0.021094 0.033333
0 0.414453 0.163194 0.021094 0.040278
0 0.443229 0.199074 0.019792 0.035185
0 0.461068 0.196528 0.021615 0.037500
0 0.460286 0.233565 0.035677 0.031944
0 0.463542 0.276620 0.024479 0.043981
0 0.494141 0.525231 0.031510 0.063426
0 0.507682 0.597222 0.037240 0.076852
0 0.458984 0.558333 0.029427 0.072222
0 0.489453 0.718056 0.038281 0.085185
0 0.517318 0.878472 0.034635 0.075463
0 0.573177 0.896528 0.035417 0.092130
0 0.612500 0.866667 0.045312 0.083333
0 0.636589 0.181713 0.024219 0.049537
0 0.670443 0.268287 0.036198 0.043981
0 0.723047 0.275000 0.034635 0.039815
0 0.594531 0.091435 0.028646 0.049537
0 0.582031 0.053935 0.019792 0.037500
0 0.568229 0.024306 0.017708 0.024537
0 0.943880 0.427778 0.031510 0.050926
0 0.923047 0.393750 0.036719 0.053241
0 0.881380 0.321065 0.032552 0.059722
0 0.886458 0.258796 0.029167 0.041667
0 0.898438 0.212500 0.027083 0.034259
