1 0.583203 0.920833 0.114323 0.084259
1 0.583854 0.347222 0.044271 0.044444
1 0.618359 0.225694 0.021615 0.062500
1 0.621224 0.196528 0.020052 0.049537
1 0.622526 0.155093 0.017448 0.047222
1 0.618880 0.128472 0.015365 0.037500
1 0.645182 0.087269 0.023177 0.061574
1 0.649479 0.021759 0.017188 0.039815
1 0.385807 0.302778 0.017448 0.042593
1 0.254297 0.074769 0.024219 0.058796
1 0.144010 0.581713 0.032813 0.065278
1 0.089714 0.583102 0.038281 0.062500
0 0.202214 0.252083 0.022656 0.048611
0 0.182682 0.312731 0.024740 0.047685
0 0.199479 0.306250 0.016667 0.038426
0 0.150651 0.344907 0.032031 0.029630
0 0.127995 0.415509 0.021615 0.036574
0 0.099219 0.394676 0.038021 0.030093
0 0.060286 0.394907 0.035156 0.034259
0 0.083333 0.428009 0.021875 0.044907
0 0.065625 0.432639 0.024479 0.043056
0 0.048438 0.430324 0.023438 0.051389
0 0.120964 0.476157 0.030990 0.055093
0 0.111719 0.526389 0.025521 0.046296
0 0.153906 0.526852 0.020833 0.040741
0 0.077344 0.518287 0.039583 0.035648
0 0.013021 0.521991 0.025521 0.045833
0 0.071745 0.541667 0.043490 0.031481
0 0.065495 0.569907 0.039323 0.037037
0 0.055990 0.594676 0.043750 0.036574
0 0.047786 0.610880 0.039844 0.039352
0 0.039193 0.642130 0.050260 0.031481
0 0.127734 0.644676 0.024219 0.061574
0 0.093620 0.787269 0.057552 0.053241
0 0.296875 0.777315 0.042188 0.046296
0 0.463672 0.775463 0.042448 0.038889
0 0.412109 0.353704 0.020052 0.045370
0 0.416276 0.316898 0.018490 0.041204
0 0.394661 0.351157 0.015885 0.055093
0 0.375000 0.347222 0.017188 0.041667
0 0.377083 0.281713 0.016146 0.038426
0 0.386589 0.224306 0.021094 0.037500
0 0.454036 0.278009 0.017969 0.045833
0 0.427214 0.184722 0.016927 0.042593
0 0.412630 0.140972 0.012760 0.034722
0 0.397656 0.142824 0.013542 0.036574
0 0.411589 0.112500 0.027865 0.029630
0 0.419531 0.084028 0.015104 0.039352
0 0.631771 0.017361 0.019271 0.033796
0 0.665104 0.034028 0.017708 0.040278
0 0.677865 0.063657 0.010937 0.040278
0 0.665234 0.061806 0.012240 0.042130
0 0.690755 0.062037 0.015885 0.039815
0 0.618359 0.095833 0.021094 0.035185
0 0.646484 0.144444 0.022135 0.043519
0 0.672266 0.156481 0.013281 0.037037
0 0.682813 0.156481 0.017708 0.040741
0 0.664844 0.100000 0.015104 0.024074
0 0.651563 0.178935 0.016667 0.037500
0 0.633464 0.192361 0.016406 0.043056
0 0.645964 0.218750 0.019531 0.037500
0 0.651693 0.254398 0.014323 0.039352
0 0.649089 0.282639 0.021615 0.038426
0 0.611458 0.328472 0.027604 0.047685
0 0.653646 0.335648 0.014583 0.040741
0 0.689844 0.340046 0.019271 0.045833
0 0.682031 0.390046 0.029687 0.038426
0 0.655599 0.375463 0.020052 0.046296
0 0.595182 0.430324 0.025260 0.047685
0 0.597526 0.475231 0.022656 0.056019
0 0.595182 0.522454 0.030469 0.045833
0 0.595703 0.575694 0.022656 0.055093
0 0.659245 0.565509 0.022656 0.056019
0 0.660286 0.512500 0.020573 0.054630
0 0.658724 0.624769 0.022656 0.062500
0 0.589714 0.706250 0.024740 0.061574
0 0.983854 0.054861 0.017708 0.049537
