1 0.174219 0.475000 0.026042 0.058333
1 0.187891 0.352315 0.028906 0.071296
1 0.228646 0.289583 0.018229 0.042130
1 0.232292 0.254167 0.020313 0.038889
1 0.234505 0.205787 0.019531 0.046759
1 0.234766 0.171528 0.019531 0.033796
1 0.428776 0.058565 0.017969 0.041204
1 0.665104 0.224306 0.029167 0.041204
0 0.678776 0.271991 0.036198 0.046759
0 0.649479 0.186574 0.028125 0.050926
0 0.605208 0.091898 0.023958 0.036574
0 0.592839 0.057176 0.020052 0.035648
0 0.579948 0.022685 0.015625 0.027778
0 0.400651 0.043981 0.015885 0.029630
0 0.412370 0.042593 0.017448 0.032407
0 0.428516 0.037731 0.011719 0.021759
0 0.441016 0.071528 0.015885 0.037500
0 0.451302 0.116435 0.021354 0.036574
0 0.453646 0.199074 0.018750 0.036111
0 0.469010 0.193981 0.021875 0.038889
0 0.468750 0.233565 0.033333 0.026389
0 0.473568 0.275926 0.025260 0.047222
0 0.423307 0.160185 0.018490 0.050000
0 0.383333 0.102083 0.020313 0.038426
0 0.500260 0.525694 0.025000 0.058796
0 0.513021 0.594907 0.031771 0.066667
0 0.465755 0.560417 0.028385 0.065278
0 0.492578 0.712269 0.030469 0.076389
0 0.522135 0.883102 0.030208 0.079167
0 0.576172 0.903241 0.035677 0.088889
0 0.614844 0.869213 0.040104 0.078241
0 0.954948 0.435185 0.031771 0.053704
0 0.934375 0.405093 0.034375 0.050926
0 0.894141 0.332407 0.034635 0.057407
0 0.895964 0.264815 0.023177 0.025926
0 0.908854 0.219676 0.025000 0.030093
0 0.732812 0.278472 0.035937 0.037500
0 0.183984 0.939815 0.027865 0.088889
0 0.086198 0.962731 0.031250 0.074537
0 0.098828 0.896296 0.028385 0.061111
0 0.068750 0.915972 0.032292 0.081019
0 0.068750 0.822222 0.028646 0.078704
0 0.117839 0.787500 0.028906 0.072222
0 0.130599 0.621296 0.025260 0.062963
0 0.151693 0.452778 0.019010 0.046296
0 0.162630 0.404398 0.019010 0.045833
0 0.143229 0.406250 0.019271 0.049537
0 0.168880 0.344444 0.015885 0.038889
0 0.174870 0.262037 0.020573 0.042593
0 0.160807 0.264583 0.016406 0.043981
0 0.211458 0.196065 0.016146 0.041204
0 0.225651 0.326157 0.016406 0.038426
0 0.239063 0.147454 0.017708 0.027315
0 0.210938 0.165278 0.016146 0.035185
0 0.212630 0.143056 0.018490 0.026852
0 0.215495 0.104167 0.016406 0.025000
0 0.217057 0.082639 0.014323 0.031019
0 0.199349 0.075926 0.022656 0.034259
0 0.248698 0.099769 0.018229 0.031019
0 0.264583 0.041435 0.017708 0.023611
0 0.263021 0.023611 0.011979 0.026852
0 0.223568 0.042824 0.013802 0.029167
0 0.224870 0.017361 0.016406 0.025463
