1 0.584375 0.913194 0.127083 0.106019
1 0.589063 0.346065 0.047396 0.058796
1 0.386068 0.303241 0.021615 0.046296
1 0.622786 0.230324 0.013802 0.058796
1 0.619271 0.185417 0.014583 0.039352
1 0.621615 0.151389 0.017708 0.039815
1 0.620833 0.118056 0.014583 0.029630
1 0.647135 0.086574 0.021354 0.054630
1 0.647266 0.021296 0.013802 0.035185
1 0.646875 0.139120 0.020833 0.044907
1 0.139714 0.572917 0.035156 0.076389
1 0.090104 0.582870 0.026042 0.072222
1 0.251563 0.066204 0.018229 0.049074
0 0.201172 0.249769 0.021615 0.039352
0 0.194661 0.307639 0.015885 0.037500
0 0.179688 0.310880 0.025521 0.038426
0 0.148177 0.342361 0.035937 0.031944
0 0.126823 0.416667 0.020833 0.037037
0 0.099349 0.392130 0.030990 0.023148
0 0.061589 0.394676 0.036198 0.031944
0 0.083854 0.427778 0.021354 0.040741
0 0.064453 0.429630 0.024740 0.048148
0 0.048047 0.429398 0.025260 0.047685
0 0.122526 0.472222 0.032552 0.048148
0 0.153646 0.528704 0.018229 0.041667
0 0.105990 0.521759 0.025521 0.050926
0 0.078906 0.519444 0.036458 0.037037
0 0.072526 0.541204 0.041927 0.036111
0 0.062109 0.565278 0.039323 0.027778
0 0.058984 0.591204 0.040885 0.028704
0 0.123698 0.634722 0.027604 0.051852
0 0.049349 0.613657 0.038281 0.031944
0 0.040104 0.638657 0.043750 0.039352
0 0.011068 0.518056 0.019531 0.049074
0 0.100130 0.790046 0.062240 0.057870
0 0.294531 0.774306 0.044271 0.030093
0 0.463802 0.773148 0.050000 0.037037
0 0.411068 0.349537 0.015885 0.039815
0 0.416276 0.320833 0.017448 0.045370
0 0.395703 0.350694 0.016406 0.049537
0 0.374870 0.346065 0.017969 0.043056
0 0.453906 0.275231 0.015625 0.058796
0 0.376563 0.279398 0.015625 0.043981
0 0.386458 0.221991 0.013021 0.032870
0 0.429688 0.180787 0.015104 0.042130
0 0.413542 0.138426 0.017188 0.032407
0 0.398958 0.137731 0.011458 0.037500
0 0.411198 0.109028 0.030729 0.033796
0 0.417448 0.083102 0.013542 0.046759
0 0.667578 0.037500 0.011719 0.025000
0 0.664974 0.064120 0.015885 0.034722
0 0.678516 0.068519 0.014323 0.037037
0 0.688672 0.060417 0.012760 0.037500
0 0.665885 0.098843 0.012500 0.028241
0 0.650781 0.176389 0.015104 0.042593
0 0.673568 0.155787 0.011719 0.039352
0 0.685677 0.159954 0.013021 0.041204
0 0.636198 0.188194 0.012500 0.044907
0 0.648568 0.218287 0.016927 0.043981
0 0.650521 0.249769 0.018229 0.039352
0 0.653776 0.283333 0.015885 0.032407
0 0.613021 0.321065 0.021354 0.041204
0 0.656771 0.333796 0.018750 0.040741
0 0.692708 0.334722 0.022396 0.045370
0 0.655469 0.373611 0.022917 0.041667
0 0.680339 0.383796 0.029948 0.049074
0 0.593099 0.428935 0.032031 0.054167
0 0.598958 0.474769 0.022917 0.055093
0 0.600000 0.522222 0.019271 0.042593
0 0.596484 0.574769 0.022135 0.050463
0 0.660677 0.517361 0.020833 0.060648
0 0.658594 0.563426 0.018229 0.057407
0 0.661198 0.620139 0.021354 0.057870
0 0.592708 0.702546 0.025521 0.055093
0 0.986328 0.057407 0.019010 0.041667
