1 0.176693 0.473843 0.025260 0.056944
1 0.190625 0.350694 0.026042 0.069907
1 0.231771 0.290509 0.016667 0.043981
1 0.232943 0.253472 0.019010 0.043056
1 0.235547 0.204861 0.020573 0.042130
1 0.236849 0.170833 0.018490 0.035185
1 0.667969 0.225694 0.028646 0.046759
1 0.430859 0.058102 0.017448 0.040278
0 0.444141 0.073380 0.015365 0.037500
0 0.430599 0.035880 0.014844 0.028241
0 0.415495 0.043519 0.019531 0.035185
0 0.401302 0.041667 0.016667 0.025926
0 0.405729 0.062963 0.018229 0.030556
0 0.426693 0.162037 0.017969 0.045370
0 0.452604 0.118056 0.019271 0.028704
0 0.471615 0.195833 0.018229 0.039815
0 0.454818 0.198611 0.017969 0.036111
0 0.470573 0.234259 0.036979 0.032407
0 0.473438 0.272454 0.019271 0.045833
0 0.582812 0.024537 0.019792 0.035185
0 0.594271 0.056250 0.020833 0.034722
0 0.606641 0.089120 0.021615 0.033796
0 0.648698 0.183796 0.023438 0.046296
0 0.679297 0.271759 0.029948 0.039815
0 0.733594 0.277546 0.036979 0.041204
0 0.500651 0.528009 0.026302 0.059722
0 0.513672 0.594907 0.032552 0.071296
0 0.465625 0.558796 0.030729 0.066667
0 0.494661 0.715972 0.034115 0.075463
0 0.522396 0.874537 0.034375 0.075000
0 0.577865 0.906250 0.031771 0.087500
0 0.615495 0.863194 0.041406 0.087500
0 0.954688 0.435880 0.028125 0.044907
0 0.933464 0.400926 0.035156 0.053704
0 0.896484 0.335417 0.033073 0.056019
0 0.898307 0.266435 0.027865 0.031944
0 0.911328 0.224074 0.024740 0.033333
0 0.183333 0.939583 0.031771 0.088426
0 0.087630 0.960648 0.034115 0.078704
0 0.098568 0.896296 0.025260 0.055556
0 0.069661 0.915278 0.032031 0.083333
0 0.069922 0.821296 0.027865 0.083333
0 0.119271 0.783102 0.027083 0.081019
0 0.131771 0.618056 0.022917 0.062037
0 0.153255 0.451157 0.019531 0.049537
0 0.163802 0.404167 0.026562 0.056481
0 0.144010 0.406481 0.022396 0.053704
0 0.170964 0.343287 0.017448 0.042130
0 0.228125 0.325694 0.020313 0.043981
0 0.178385 0.265278 0.022396 0.049074
0 0.160807 0.262500 0.019531 0.048148
0 0.241016 0.146759 0.016406 0.029630
0 0.252344 0.101620 0.020313 0.036574
0 0.213672 0.191667 0.015365 0.032407
0 0.213281 0.166667 0.016667 0.031481
0 0.216276 0.140972 0.016927 0.028241
0 0.217578 0.105093 0.018490 0.027778
0 0.218620 0.079167 0.014844 0.026852
0 0.201693 0.077315 0.024219 0.037037
0 0.226172 0.039120 0.016927 0.031019
0 0.227734 0.018750 0.017969 0.027315
0 0.267318 0.042130 0.018490 0.025000
0 0.264583 0.022685 0.016146 0.022222
0 0.384245 0.098380 0.020573 0.043056
