1 0.144922 0.506481 0.025260 0.060185
1 0.155859 0.383565 0.027344 0.077315
1 0.194401 0.314120 0.021094 0.044907
1 0.195573 0.277083 0.018750 0.042130
1 0.196875 0.226852 0.017708 0.042593
1 0.196615 0.192824 0.019792 0.036574
1 0.389583 0.064815 0.018229 0.041667
1 0.630599 0.215972 0.025260 0.042130
0 0.984375 0.485648 0.031250 0.042593
0 0.972266 0.466435 0.034115 0.037500
0 0.914193 0.402546 0.027865 0.045833
0 0.853646 0.306481 0.029167 0.050000
0 0.895182 0.371296 0.029948 0.047222
0 0.864974 0.196759 0.027865 0.029630
0 0.856901 0.239815 0.026823 0.029630
0 0.957812 0.165046 0.026042 0.025463
0 0.966667 0.121065 0.020833 0.030093
0 0.979036 0.076389 0.023177 0.030556
0 0.745964 0.192130 0.021094 0.033333
0 0.698047 0.264120 0.031510 0.026389
0 0.647005 0.261343 0.033594 0.041204
0 0.612891 0.180787 0.025781 0.041204
0 0.568229 0.084954 0.024479 0.035648
0 0.553516 0.054167 0.024740 0.037037
0 0.539323 0.019907 0.017188 0.029630
0 0.602474 0.853241 0.042969 0.078704
0 0.568359 0.895139 0.038281 0.089352
0 0.509375 0.875231 0.029167 0.063426
0 0.475130 0.714583 0.036719 0.065278
0 0.493750 0.596528 0.038021 0.075463
0 0.477083 0.528009 0.029167 0.051389
0 0.442708 0.565046 0.030729 0.067130
0 0.440234 0.281019 0.026302 0.046296
0 0.438021 0.238889 0.038542 0.029630
0 0.418620 0.203241 0.020573 0.039815
0 0.436979 0.200000 0.020833 0.041667
0 0.389323 0.166898 0.018750 0.032870
0 0.414844 0.121759 0.016146 0.033333
0 0.404036 0.081019 0.017969 0.035185
0 0.389714 0.045139 0.016406 0.023611
0 0.373437 0.050000 0.019792 0.028704
0 0.361719 0.053472 0.018229 0.026389
0 0.365495 0.071528 0.016927 0.033796
0 0.345443 0.108333 0.024740 0.035185
0 0.171354 0.962269 0.027604 0.075463
0 0.081641 0.942593 0.030469 0.061111
0 0.053516 0.962269 0.032552 0.075463
0 0.048698 0.868287 0.034375 0.085648
0 0.099870 0.824769 0.029948 0.071759
0 0.108073 0.662037 0.035417 0.063889
0 0.121875 0.485185 0.020313 0.047222
0 0.129297 0.435648 0.022656 0.056481
0 0.110677 0.440278 0.020313 0.050926
0 0.135286 0.375463 0.021094 0.044444
0 0.138672 0.291667 0.026823 0.046296
0 0.122005 0.292593 0.021094 0.046296
0 0.173828 0.216667 0.020573 0.037963
0 0.193620 0.348843 0.017969 0.039352
0 0.199609 0.167130 0.014844 0.031481
0 0.209766 0.118750 0.020573 0.033796
0 0.171484 0.186574 0.014323 0.027778
0 0.172786 0.164815 0.015365 0.025000
0 0.174219 0.128009 0.020313 0.030093
0 0.174219 0.100463 0.018229 0.030556
0 0.154688 0.097917 0.024479 0.034722
0 0.180859 0.059722 0.019531 0.031481
0 0.222526 0.059028 0.017969 0.021759
0 0.219531 0.040509 0.014063 0.020833
0 0.218229 0.019213 0.014583 0.025463
0 0.179818 0.034954 0.016406 0.029167
0 0.179948 0.010648 0.016667 0.020370
