1 0.580078 0.910648 0.119010 0.093519
1 0.584505 0.348380 0.040365 0.042130
1 0.386458 0.305787 0.016667 0.049537
1 0.623828 0.226389 0.015365 0.060185
1 0.622917 0.191204 0.020833 0.054630
1 0.619661 0.149537 0.016406 0.040741
1 0.621224 0.124306 0.015885 0.036574
1 0.646484 0.082176 0.019531 0.049537
1 0.645964 0.019444 0.018490 0.037963
1 0.250391 0.060417 0.028906 0.058796
1 0.145313 0.574769 0.036458 0.057870
1 0.092057 0.578241 0.030990 0.069444
0 0.200911 0.254630 0.023177 0.037037
0 0.181250 0.313194 0.023438 0.043981
0 0.195964 0.310185 0.019531 0.037037
0 0.151953 0.343750 0.036198 0.024537
0 0.100260 0.393056 0.034375 0.027778
0 0.125911 0.419213 0.027344 0.043056
0 0.059505 0.396759 0.040885 0.028704
0 0.089193 0.430093 0.026823 0.043519
0 0.067057 0.430324 0.026823 0.047685
0 0.045312 0.428935 0.027083 0.051389
0 0.122005 0.473148 0.032552 0.050926
0 0.108464 0.525231 0.025260 0.058796
0 0.153255 0.527778 0.024740 0.048148
0 0.011719 0.523843 0.022917 0.041204
0 0.076693 0.515972 0.038281 0.029167
0 0.070052 0.543056 0.044792 0.031481
0 0.058984 0.562731 0.046615 0.033796
0 0.056250 0.588426 0.041667 0.023148
0 0.049740 0.613194 0.045312 0.037500
0 0.040104 0.637731 0.048438 0.043981
0 0.127734 0.637963 0.023177 0.051852
0 0.096745 0.790741 0.056510 0.059259
0 0.294531 0.772454 0.044792 0.056944
0 0.463021 0.770370 0.050000 0.051852
0 0.414844 0.315741 0.021875 0.051852
0 0.413021 0.351620 0.020833 0.037500
0 0.395703 0.352778 0.018490 0.057407
0 0.375260 0.346065 0.017188 0.045833
0 0.374219 0.280556 0.021354 0.048148
0 0.452083 0.274306 0.015625 0.043981
0 0.386328 0.226157 0.016927 0.033796
0 0.428906 0.181713 0.013542 0.037500
0 0.412370 0.140278 0.011719 0.028704
0 0.399609 0.138426 0.012240 0.032407
0 0.411849 0.106019 0.028906 0.022222
0 0.419531 0.079167 0.014583 0.038889
0 0.667708 0.041204 0.010937 0.026852
0 0.663542 0.063194 0.013021 0.030093
0 0.678125 0.067824 0.014583 0.027315
0 0.691797 0.063889 0.012760 0.030556
0 0.666667 0.099769 0.016667 0.030093
1 0.649089 0.144213 0.018490 0.041204
0 0.652474 0.178704 0.018490 0.030556
0 0.636328 0.191898 0.015365 0.035648
0 0.672656 0.162731 0.014063 0.039352
0 0.683333 0.162731 0.015104 0.040278
0 0.648177 0.218519 0.016146 0.046296
0 0.651042 0.250231 0.020313 0.043981
0 0.651563 0.283565 0.016146 0.047685
0 0.612240 0.323611 0.028646 0.049074
0 0.655078 0.336111 0.018490 0.047222
0 0.690365 0.336574 0.018750 0.049074
0 0.656641 0.375231 0.025260 0.037500
0 0.680729 0.387500 0.029687 0.051852
0 0.594531 0.428704 0.026042 0.050926
0 0.599479 0.476852 0.020833 0.058333
0 0.602214 0.527315 0.027865 0.046296
0 0.660156 0.510880 0.021354 0.047685
0 0.660807 0.563889 0.020052 0.057407
0 0.595703 0.576620 0.030990 0.068056
0 0.661589 0.625463 0.028385 0.070370
0 0.589063 0.699306 0.031771 0.067130
0 0.987500 0.052546 0.018750 0.048611
