0 0.165625 0.972917 0.025000 0.054167
0 0.073047 0.963194 0.023698 0.058796
0 0.045052 0.973380 0.026562 0.053241
0 0.038802 0.889815 0.036458 0.086111
0 0.086068 0.840741 0.027344 0.071296
0 0.164193 0.812731 0.020573 0.058796
0 0.093099 0.673148 0.023177 0.062037
1 0.132292 0.520370 0.030208 0.056481
1 0.140625 0.393981 0.028125 0.070370
0 0.114323 0.447917 0.020313 0.052315
0 0.106250 0.498843 0.018750 0.047685
0 0.095052 0.452778 0.018750 0.050000
0 0.118750 0.386806 0.018750 0.042130
0 0.177995 0.362269 0.019531 0.042130
1 0.179297 0.323380 0.019531 0.042130
1 0.179297 0.287269 0.021094 0.038426
1 0.179167 0.236806 0.022396 0.039352
1 0.177995 0.203241 0.020573 0.036111
0 0.179818 0.177083 0.015885 0.030093
0 0.104297 0.306481 0.016927 0.044444
0 0.119271 0.300231 0.018750 0.043056
0 0.154167 0.223843 0.015625 0.029167
0 0.153125 0.197917 0.017188 0.028241
0 0.153646 0.174769 0.016146 0.027315
0 0.153125 0.137269 0.015625 0.026389
0 0.153646 0.112731 0.016667 0.030093
0 0.133724 0.109954 0.023177 0.031944
0 0.189844 0.127546 0.021354 0.036574
0 0.159375 0.071296 0.018750 0.029630
0 0.159245 0.044444 0.017969 0.025926
0 0.159245 0.023843 0.017448 0.027315
0 0.198698 0.008565 0.015625 0.016204
0 0.196224 0.025926 0.016927 0.023148
0 0.198568 0.047454 0.017969 0.024537
0 0.202344 0.064583 0.018750 0.022685
0 0.326042 0.116435 0.018750 0.038426
0 0.346224 0.076620 0.016406 0.029167
0 0.341276 0.056019 0.017448 0.028704
0 0.354818 0.053704 0.016406 0.029630
0 0.369271 0.044907 0.019271 0.027778
1 0.370573 0.069676 0.019792 0.039352
0 0.386198 0.081944 0.018229 0.034259
0 0.395964 0.125231 0.021094 0.037500
0 0.373047 0.174306 0.023698 0.033796
0 0.402865 0.205556 0.019792 0.036111
0 0.420573 0.200694 0.021354 0.038426
0 0.420052 0.241435 0.032292 0.026389
0 0.427995 0.283565 0.026302 0.037500
0 0.548568 0.083796 0.020573 0.033333
0 0.534896 0.052083 0.025521 0.034722
0 0.519922 0.020833 0.018490 0.025000
0 0.594271 0.173380 0.027083 0.043981
0 0.433594 0.562269 0.028125 0.066204
0 0.466146 0.527546 0.025000 0.048611
0 0.483724 0.595370 0.036198 0.072222
0 0.470443 0.715509 0.039844 0.075463
0 0.504818 0.868981 0.035677 0.074074
0 0.561068 0.886806 0.039844 0.078241
0 0.593620 0.843981 0.031510 0.080556
0 0.896745 0.382639 0.026302 0.047685
0 0.876563 0.354630 0.027604 0.048148
0 0.835938 0.223843 0.021354 0.034722
0 0.845573 0.181481 0.024479 0.031481
0 0.727474 0.183796 0.020052 0.028704
0 0.681901 0.256481 0.033073 0.031481
0 0.629818 0.254167 0.033073 0.040741
1 0.614844 0.211806 0.027083 0.037500
0 0.942969 0.106944 0.021354 0.034259
0 0.953516 0.064120 0.023698 0.031019
