1 0.577995 0.916435 0.124219 0.074537
1 0.581901 0.344676 0.037240 0.040278
1 0.621224 0.218981 0.019010 0.053704
1 0.620833 0.187963 0.017188 0.046296
1 0.621094 0.147917 0.013021 0.039352
1 0.619661 0.114815 0.018490 0.046296
1 0.647396 0.078009 0.017188 0.056944
1 0.646745 0.020833 0.020052 0.040741
1 0.385937 0.305093 0.017188 0.054630
1 0.254818 0.064352 0.021094 0.048148
1 0.142708 0.573611 0.030208 0.062963
1 0.088802 0.578935 0.035937 0.056944
0 0.202344 0.250000 0.025521 0.047222
0 0.179948 0.307870 0.021875 0.038889
0 0.197135 0.314120 0.021875 0.041204
0 0.148568 0.341898 0.036198 0.033796
0 0.127865 0.417824 0.026562 0.040278
0 0.098047 0.390972 0.036719 0.021759
0 0.060677 0.396759 0.041667 0.027778
0 0.082031 0.426389 0.021354 0.037963
0 0.062760 0.425694 0.029167 0.043056
0 0.045312 0.424074 0.031771 0.056481
0 0.120964 0.477778 0.028385 0.054630
0 0.107682 0.519444 0.024219 0.045370
0 0.155469 0.529861 0.021354 0.051389
0 0.075781 0.513426 0.040625 0.037963
0 0.013021 0.520602 0.025521 0.044907
0 0.071354 0.540278 0.047396 0.030556
0 0.060417 0.566204 0.042188 0.037963
0 0.053516 0.587269 0.045052 0.033796
0 0.045312 0.607639 0.039062 0.034722
0 0.039323 0.639815 0.039062 0.039815
0 0.123698 0.637269 0.027604 0.059722
0 0.102474 0.787500 0.054948 0.062037
0 0.290365 0.769676 0.048438 0.051389
0 0.465234 0.766204 0.052865 0.052778
0 0.411979 0.315278 0.016146 0.038889
0 0.413151 0.352546 0.018490 0.043981
0 0.394792 0.348380 0.021875 0.056944
0 0.374349 0.342593 0.020052 0.051852
0 0.376042 0.279630 0.017708 0.038889
0 0.451823 0.274074 0.017708 0.045370
0 0.386589 0.221991 0.024219 0.048611
0 0.429688 0.184722 0.018229 0.051852
0 0.412630 0.140046 0.011198 0.035648
0 0.396875 0.137037 0.018750 0.037963
0 0.409635 0.104630 0.031250 0.030556
0 0.417578 0.078472 0.016406 0.034722
0 0.666927 0.035417 0.013021 0.018056
0 0.664974 0.060648 0.012240 0.030556
0 0.677344 0.065741 0.013542 0.038889
0 0.689583 0.062269 0.017708 0.048611
0 0.665234 0.095833 0.010677 0.029630
0 0.672396 0.154861 0.013021 0.033796
0 0.685417 0.159028 0.016667 0.035648
1 0.647526 0.144213 0.016406 0.040278
0 0.651042 0.178009 0.016667 0.043981
0 0.633594 0.190046 0.016146 0.044907
0 0.647396 0.213657 0.017708 0.042130
0 0.650521 0.253704 0.017708 0.036111
0 0.651563 0.281019 0.016667 0.041667
0 0.611719 0.321528 0.030208 0.049537
0 0.656380 0.335185 0.021094 0.037037
0 0.691927 0.335185 0.026042 0.062037
0 0.658464 0.371528 0.019531 0.042130
0 0.680078 0.385648 0.035677 0.063889
0 0.596224 0.426157 0.028906 0.058796
0 0.599479 0.471991 0.026042 0.062500
0 0.601042 0.519907 0.026562 0.048148
0 0.597786 0.578935 0.030990 0.073611
0 0.592448 0.700926 0.021354 0.069444
0 0.656120 0.510417 0.023177 0.063426
0 0.658464 0.563889 0.028906 0.069444
0 0.659896 0.627315 0.025000 0.075926
0 0.985156 0.056944 0.029687 0.046296
