1 0.181510 0.468519 0.030208 0.057407
1 0.196615 0.347222 0.028646 0.075926
1 0.237500 0.285648 0.021354 0.044444
1 0.239583 0.251157 0.020313 0.040278
1 0.243099 0.200463 0.021094 0.040741
1 0.244531 0.166898 0.020313 0.033796
1 0.437891 0.056944 0.016927 0.044444
1 0.673307 0.225926 0.028385 0.040741
0 0.686328 0.273380 0.034115 0.042130
0 0.741016 0.281481 0.034115 0.037037
0 0.654297 0.185417 0.024219 0.044907
0 0.614193 0.090278 0.020573 0.033333
0 0.601042 0.059259 0.022917 0.037963
0 0.589063 0.021759 0.014583 0.025000
0 0.905078 0.269213 0.027344 0.034722
0 0.917839 0.229630 0.024740 0.026852
0 0.901563 0.338889 0.029687 0.049074
0 0.942969 0.408102 0.029687 0.051389
0 0.962630 0.445833 0.028385 0.047222
0 0.618750 0.870602 0.039062 0.087500
0 0.580078 0.903935 0.029948 0.086574
0 0.525260 0.879630 0.029167 0.071296
0 0.495182 0.714583 0.030990 0.077315
0 0.519271 0.596065 0.033854 0.074537
0 0.504818 0.523380 0.027344 0.060648
0 0.469271 0.558565 0.029687 0.068981
0 0.480078 0.273843 0.022656 0.045833
0 0.476432 0.231713 0.032031 0.028241
0 0.460417 0.195370 0.016667 0.035185
0 0.478385 0.194907 0.018229 0.039815
0 0.461458 0.118287 0.020833 0.036574
0 0.432292 0.159954 0.016667 0.033796
0 0.392057 0.096528 0.021615 0.040278
0 0.414974 0.064120 0.017969 0.033796
0 0.410026 0.040278 0.014323 0.026852
0 0.421875 0.040046 0.018229 0.030093
0 0.438802 0.035880 0.015625 0.019907
0 0.451693 0.070139 0.016406 0.033796
0 0.248438 0.143056 0.015104 0.027778
0 0.218750 0.186343 0.016146 0.030093
0 0.220312 0.159028 0.013542 0.030093
0 0.222917 0.136806 0.014583 0.024537
0 0.225130 0.100231 0.014844 0.023611
0 0.259245 0.095602 0.017448 0.031019
0 0.226823 0.077778 0.011458 0.027778
0 0.209766 0.073843 0.022656 0.033796
0 0.233333 0.035648 0.014583 0.025926
0 0.273958 0.036806 0.016667 0.019907
0 0.273698 0.020370 0.015104 0.023148
0 0.234896 0.012731 0.016146 0.024537
0 0.234766 0.320602 0.016927 0.032870
0 0.183333 0.256019 0.017708 0.039815
0 0.169271 0.259259 0.017188 0.038889
0 0.178646 0.342130 0.021875 0.045370
0 0.169661 0.399074 0.024219 0.052778
0 0.149219 0.399769 0.024479 0.049537
0 0.158073 0.446296 0.022396 0.054630
0 0.136198 0.613657 0.023958 0.068981
0 0.121615 0.775000 0.028125 0.076852
0 0.188281 0.935880 0.033333 0.099537
0 0.103125 0.890972 0.033333 0.062500
0 0.074479 0.908102 0.027604 0.081019
0 0.092708 0.959028 0.039062 0.081944
0 0.073047 0.809722 0.038281 0.084259
