0 0.489974 0.595602 0.037760 0.086574
1 0.141927 0.508102 0.022917 0.053241
1 0.152865 0.383565 0.026562 0.069907
1 0.191927 0.317593 0.019271 0.045370
1 0.192318 0.280324 0.019010 0.042130
1 0.193490 0.229861 0.020833 0.043981
1 0.193880 0.194213 0.019531 0.034722
1 0.384635 0.066204 0.017708 0.040741
1 0.625000 0.212037 0.027604 0.048148
0 0.640625 0.258333 0.031771 0.038889
0 0.694792 0.261343 0.029687 0.035648
0 0.607031 0.177778 0.025521 0.041667
0 0.562500 0.086574 0.023438 0.033333
0 0.548958 0.054630 0.022396 0.034259
0 0.534245 0.020833 0.015885 0.027778
0 0.473698 0.713194 0.035937 0.076389
0 0.510547 0.873843 0.030469 0.063426
0 0.566667 0.895370 0.035417 0.087963
0 0.602214 0.855093 0.037240 0.074074
0 0.477344 0.528704 0.028646 0.065741
0 0.440625 0.564352 0.030729 0.072222
0 0.438151 0.278935 0.026302 0.048611
0 0.433203 0.238426 0.034635 0.028704
0 0.414974 0.203009 0.017969 0.039352
0 0.430990 0.196991 0.023438 0.039352
0 0.385417 0.170602 0.020833 0.036574
0 0.409115 0.121065 0.019792 0.041204
0 0.399609 0.080556 0.017969 0.036111
0 0.339453 0.107639 0.015365 0.041204
0 0.361198 0.072685 0.014583 0.031481
0 0.355729 0.053009 0.014583 0.025463
0 0.367708 0.050231 0.015625 0.030093
0 0.383594 0.043519 0.014583 0.023148
0 0.740755 0.187037 0.020052 0.038889
0 0.850651 0.236574 0.021615 0.033333
0 0.860807 0.192824 0.024740 0.031019
0 0.952865 0.159028 0.028125 0.036574
0 0.972786 0.073843 0.023698 0.034722
0 0.910807 0.394676 0.024219 0.050463
0 0.848958 0.300694 0.029687 0.052315
0 0.890234 0.366204 0.028906 0.045370
0 0.966406 0.460417 0.033333 0.039352
0 0.982552 0.480556 0.034896 0.041667
0 0.168490 0.968056 0.025521 0.063889
0 0.077995 0.945370 0.022135 0.063889
0 0.048828 0.963889 0.026302 0.072222
0 0.044792 0.871991 0.028646 0.080093
0 0.093880 0.828472 0.024740 0.073611
0 0.101693 0.661574 0.024219 0.059259
0 0.117318 0.486111 0.018490 0.045370
0 0.125911 0.438426 0.017969 0.046296
0 0.107813 0.440046 0.019271 0.049537
0 0.130859 0.377315 0.020573 0.039815
0 0.133464 0.292361 0.018490 0.043056
0 0.117578 0.295602 0.019010 0.044907
0 0.168099 0.217593 0.016927 0.034259
0 0.167448 0.189815 0.017708 0.033333
0 0.168229 0.165278 0.014063 0.025000
0 0.194401 0.168519 0.016406 0.030556
0 0.189714 0.351852 0.017448 0.041667
0 0.204557 0.121991 0.019531 0.032870
0 0.167839 0.127083 0.014844 0.028241
0 0.168880 0.102546 0.014844 0.031944
0 0.149089 0.101389 0.024740 0.039815
0 0.174479 0.065278 0.014583 0.030556
0 0.216797 0.059491 0.017448 0.022685
0 0.214714 0.043750 0.014323 0.027315
0 0.214193 0.021759 0.013281 0.026852
0 0.174740 0.038426 0.015625 0.029630
0 0.175130 0.015046 0.014323 0.026389
