1 0.580599 0.909259 0.126302 0.100926
1 0.580208 0.341898 0.042708 0.048611
1 0.622656 0.225000 0.018229 0.054630
1 0.621615 0.188194 0.018750 0.035648
1 0.621094 0.148611 0.018750 0.041667
1 0.620964 0.123611 0.014844 0.043519
1 0.649349 0.141204 0.019531 0.046296
1 0.648047 0.085648 0.022135 0.067593
1 0.647656 0.024306 0.016146 0.047685
1 0.385677 0.303472 0.019271 0.049537
1 0.252734 0.063657 0.020052 0.044907
1 0.142448 0.576620 0.035937 0.070833
1 0.088411 0.578935 0.028906 0.069907
0 0.200391 0.245602 0.026823 0.054167
0 0.179818 0.312731 0.023177 0.043056
0 0.194271 0.311111 0.015625 0.049074
0 0.151823 0.340278 0.039583 0.022222
0 0.127604 0.415972 0.030208 0.037500
0 0.099870 0.393056 0.030990 0.026852
0 0.060286 0.393056 0.041927 0.025000
0 0.080599 0.424537 0.019010 0.040741
0 0.063411 0.430324 0.023177 0.039352
0 0.045573 0.425694 0.025000 0.046759
0 0.122135 0.469444 0.028125 0.063889
0 0.107943 0.523380 0.025260 0.056944
0 0.012630 0.518287 0.024740 0.052315
0 0.075391 0.518750 0.045573 0.031019
0 0.069531 0.540278 0.044271 0.025926
0 0.061719 0.561111 0.040625 0.030556
0 0.055339 0.587269 0.040365 0.034722
0 0.047396 0.612269 0.037500 0.038426
0 0.039062 0.638657 0.046875 0.031944
0 0.123438 0.641204 0.026042 0.054630
0 0.151562 0.524306 0.027083 0.050463
0 0.100130 0.785417 0.053385 0.068056
0 0.295182 0.771065 0.041406 0.043056
0 0.461198 0.767130 0.054688 0.045370
0 0.412760 0.347222 0.017188 0.043519
0 0.414844 0.315741 0.017188 0.037037
0 0.393490 0.345370 0.017708 0.052778
0 0.373568 0.343519 0.015885 0.040741
0 0.375781 0.278472 0.015625 0.044907
0 0.386979 0.224074 0.023958 0.043519
0 0.449609 0.274306 0.025781 0.043981
0 0.428125 0.178009 0.010937 0.038426
0 0.412109 0.137731 0.011719 0.031944
0 0.398177 0.134722 0.010417 0.033333
0 0.409375 0.104630 0.023958 0.023148
0 0.419531 0.080787 0.017708 0.038426
0 0.666536 0.035185 0.012240 0.023148
0 0.663542 0.059722 0.015104 0.036111
0 0.676693 0.063194 0.015365 0.029167
0 0.689323 0.060648 0.015625 0.032407
0 0.663802 0.099769 0.013542 0.031019
0 0.651432 0.176157 0.017969 0.040278
0 0.671745 0.155093 0.016406 0.038889
0 0.685026 0.158333 0.014323 0.035185
0 0.634505 0.190046 0.014323 0.043981
0 0.647266 0.216667 0.021615 0.043519
0 0.651042 0.248380 0.021875 0.040278
0 0.649609 0.274769 0.020573 0.043056
0 0.610286 0.325000 0.021094 0.043519
0 0.652734 0.332639 0.019531 0.041204
0 0.690625 0.335185 0.022396 0.050926
0 0.682552 0.388657 0.032292 0.039352
0 0.655469 0.372917 0.020313 0.042130
0 0.594922 0.427546 0.028385 0.048611
0 0.599479 0.475000 0.020313 0.056481
0 0.597526 0.523148 0.025781 0.046296
0 0.656380 0.511343 0.021094 0.048611
0 0.658594 0.559028 0.025000 0.061574
0 0.594922 0.568287 0.022135 0.064352
0 0.658203 0.619444 0.025781 0.076852
0 0.590625 0.699769 0.021354 0.049537
0 0.988021 0.057176 0.022396 0.041204
