1 0.153776 0.497917 0.026302 0.054167
1 0.162500 0.371528 0.028125 0.077315
1 0.203255 0.307870 0.020052 0.040741
1 0.204297 0.272454 0.020052 0.037500
1 0.206901 0.220602 0.023177 0.043981
1 0.205599 0.189583 0.017448 0.035648
1 0.399349 0.063657 0.017448 0.041204
1 0.638021 0.216204 0.025521 0.042593
0 0.653125 0.261111 0.033333 0.041667
0 0.707031 0.266204 0.031771 0.032407
0 0.619661 0.181481 0.025260 0.042593
0 0.576823 0.087731 0.022917 0.032870
0 0.563151 0.054398 0.022135 0.035648
0 0.548828 0.021759 0.015885 0.025926
0 0.754297 0.196759 0.021094 0.035185
0 0.864974 0.244907 0.026823 0.033333
0 0.981380 0.476852 0.030990 0.037963
0 0.923828 0.408102 0.027865 0.044907
0 0.903776 0.375926 0.029948 0.046296
0 0.862109 0.309954 0.031510 0.054167
0 0.875130 0.201620 0.026302 0.028241
0 0.968099 0.169907 0.029948 0.032407
0 0.977734 0.127778 0.025260 0.032407
0 0.987630 0.081481 0.018490 0.027778
0 0.569661 0.897685 0.037760 0.086111
0 0.606641 0.854398 0.045573 0.080093
0 0.516406 0.877778 0.036979 0.070370
0 0.481510 0.714352 0.038021 0.077778
0 0.498437 0.597454 0.035417 0.076389
0 0.482943 0.527083 0.028385 0.056019
0 0.447396 0.561343 0.028646 0.063426
0 0.449740 0.278241 0.032813 0.045370
0 0.444531 0.236111 0.036979 0.030556
0 0.444141 0.197685 0.021094 0.037963
0 0.426953 0.203241 0.022656 0.031481
0 0.397396 0.166898 0.027083 0.044907
0 0.427083 0.124306 0.028125 0.039352
0 0.413411 0.077546 0.017969 0.038426
0 0.398828 0.042593 0.016927 0.024074
0 0.383333 0.047685 0.018750 0.034259
0 0.370312 0.048148 0.014063 0.025926
0 0.373177 0.071065 0.023438 0.033796
0 0.352995 0.109491 0.020052 0.031944
0 0.173698 0.961343 0.031250 0.077315
0 0.083203 0.932870 0.027344 0.056481
0 0.054167 0.953704 0.030729 0.083333
0 0.053125 0.858796 0.034375 0.084259
0 0.102604 0.815509 0.028125 0.068056
0 0.112500 0.648148 0.027604 0.058333
0 0.128255 0.477083 0.020573 0.042130
0 0.138021 0.427083 0.021354 0.046759
0 0.117839 0.428472 0.022135 0.052315
0 0.142969 0.365741 0.020313 0.043519
0 0.201823 0.344444 0.016667 0.042593
0 0.146875 0.281250 0.017708 0.042130
0 0.132812 0.286111 0.015625 0.042593
0 0.182031 0.208565 0.018750 0.036574
0 0.209375 0.165741 0.017708 0.031481
0 0.180339 0.181713 0.018490 0.033796
0 0.181250 0.158333 0.016146 0.027778
0 0.219401 0.115509 0.019010 0.032870
0 0.183203 0.119213 0.017448 0.028241
0 0.184245 0.098380 0.015885 0.024537
0 0.165755 0.092130 0.021615 0.030556
0 0.190104 0.056481 0.015625 0.033333
0 0.231380 0.053935 0.019010 0.024537
0 0.228776 0.036806 0.015365 0.028241
0 0.228906 0.014815 0.013021 0.023148
0 0.190365 0.029630 0.014583 0.034259
0 0.192578 0.012731 0.014323 0.024537
