1 0.162240 0.487963 0.027604 0.060185
1 0.175651 0.364352 0.029948 0.074074
1 0.216146 0.299537 0.021354 0.043519
1 0.216797 0.262269 0.021615 0.041204
1 0.219141 0.214120 0.022656 0.045833
1 0.219271 0.181019 0.022396 0.037963
1 0.412630 0.060648 0.018490 0.041667
1 0.650000 0.217824 0.027604 0.043056
0 0.664323 0.265046 0.030208 0.041204
0 0.633464 0.182407 0.025781 0.044444
0 0.589714 0.087731 0.023177 0.036574
0 0.576823 0.056019 0.023438 0.034259
0 0.562630 0.024306 0.014323 0.027315
0 0.557422 0.067593 0.019010 0.029630
0 0.938542 0.421759 0.031771 0.047222
0 0.916146 0.386343 0.033333 0.051389
0 0.874479 0.320602 0.033333 0.053241
0 0.879687 0.253009 0.028646 0.032870
0 0.891667 0.212037 0.025000 0.029630
0 0.767578 0.202546 0.018490 0.033796
0 0.985026 0.178935 0.029948 0.036574
0 0.719531 0.275000 0.040625 0.033333
0 0.611328 0.864120 0.040885 0.084722
0 0.572917 0.898843 0.038542 0.085648
0 0.520573 0.884259 0.044792 0.085185
0 0.488021 0.716204 0.044792 0.087963
0 0.505469 0.602083 0.040625 0.080093
0 0.489193 0.525000 0.037240 0.066667
0 0.454036 0.561806 0.037760 0.073611
0 0.460286 0.278241 0.029948 0.048148
0 0.455339 0.235648 0.037760 0.036111
0 0.457813 0.197917 0.023958 0.043981
0 0.438932 0.200694 0.020573 0.041204
0 0.409245 0.163889 0.024219 0.038889
0 0.438021 0.121991 0.021875 0.042130
0 0.428646 0.079167 0.020313 0.037963
0 0.368359 0.104398 0.016927 0.042130
0 0.389714 0.070370 0.017969 0.037963
0 0.384375 0.046991 0.017188 0.026389
0 0.396745 0.045139 0.015885 0.035648
0 0.412500 0.040278 0.014583 0.027778
0 0.082943 0.973148 0.028906 0.053704
0 0.179818 0.954398 0.032031 0.091204
0 0.091927 0.915972 0.031771 0.056944
0 0.061589 0.937269 0.034635 0.087500
0 0.062370 0.840278 0.033073 0.087037
0 0.109375 0.802778 0.031771 0.070370
0 0.119010 0.635880 0.030729 0.067130
0 0.140104 0.465278 0.021354 0.048148
0 0.148958 0.417130 0.023438 0.048148
0 0.129297 0.418056 0.023177 0.050000
0 0.155859 0.358796 0.023177 0.043519
0 0.213672 0.333796 0.017448 0.045370
0 0.223307 0.158796 0.017969 0.034259
0 0.160156 0.272222 0.019792 0.048148
0 0.145182 0.279167 0.019010 0.044444
0 0.195182 0.201157 0.016927 0.037500
0 0.196484 0.173611 0.018490 0.032407
0 0.196615 0.151157 0.019271 0.031944
0 0.233073 0.105324 0.018229 0.035648
0 0.198177 0.111806 0.017188 0.029167
0 0.199479 0.090509 0.014583 0.031019
0 0.180859 0.084028 0.025781 0.034722
0 0.206250 0.050000 0.016146 0.035185
0 0.247786 0.046759 0.017969 0.025926
0 0.245312 0.031019 0.019271 0.029630
0 0.244010 0.011806 0.013542 0.022685
0 0.205990 0.023843 0.016667 0.031944
