1 0.154688 0.496065 0.026562 0.056944
1 0.166276 0.370833 0.027865 0.071296
1 0.205859 0.304861 0.016927 0.041204
1 0.207943 0.271296 0.017969 0.040741
1 0.208203 0.221296 0.020573 0.044444
1 0.208333 0.187500 0.021875 0.036111
1 0.401302 0.062500 0.018229 0.044444
1 0.640495 0.218056 0.027344 0.041667
0 0.656120 0.262963 0.035156 0.037963
0 0.709375 0.267130 0.032292 0.037037
0 0.867578 0.245370 0.023698 0.029630
0 0.877865 0.202546 0.024479 0.029167
0 0.864974 0.314352 0.033073 0.054630
0 0.902604 0.377083 0.035937 0.047685
0 0.927214 0.408796 0.027344 0.043519
0 0.981250 0.476157 0.037500 0.043981
0 0.971484 0.171759 0.029948 0.031481
0 0.980859 0.128935 0.022656 0.031019
0 0.990495 0.083102 0.019010 0.030093
0 0.620703 0.181944 0.027344 0.041667
0 0.578255 0.086574 0.023177 0.035185
0 0.565755 0.054630 0.019531 0.033333
0 0.552474 0.021528 0.015365 0.024537
0 0.546354 0.068981 0.017188 0.027778
0 0.484245 0.528472 0.027344 0.056944
0 0.449870 0.563194 0.029427 0.061574
0 0.499870 0.594907 0.035156 0.078704
0 0.483854 0.715509 0.035937 0.083796
0 0.515365 0.879630 0.030208 0.064815
0 0.568490 0.893750 0.033854 0.081019
0 0.607682 0.859954 0.041406 0.076389
0 0.451172 0.278009 0.023698 0.043981
0 0.445703 0.236806 0.035677 0.025463
0 0.427865 0.201620 0.021354 0.040278
0 0.445443 0.196065 0.022135 0.039352
0 0.398568 0.167361 0.021615 0.032870
0 0.424870 0.122454 0.020573 0.031019
0 0.416406 0.079861 0.018229 0.035648
0 0.401432 0.040972 0.019010 0.027315
0 0.384896 0.048611 0.017708 0.024074
0 0.372917 0.047917 0.015104 0.029167
0 0.377214 0.069676 0.020052 0.032870
0 0.355729 0.109491 0.020313 0.033796
0 0.174479 0.959722 0.030208 0.080556
0 0.087760 0.929861 0.028646 0.070833
0 0.057552 0.949074 0.030208 0.086111
0 0.054167 0.853704 0.036979 0.079630
0 0.103385 0.811343 0.029687 0.065278
0 0.112630 0.647917 0.026302 0.067130
0 0.130208 0.475231 0.021354 0.043056
0 0.139714 0.427778 0.021615 0.052778
0 0.118490 0.428241 0.021875 0.048148
0 0.145964 0.364815 0.020052 0.045370
0 0.204167 0.346759 0.019792 0.042593
0 0.133594 0.286574 0.019271 0.047222
0 0.148958 0.282176 0.022396 0.053241
0 0.183984 0.209954 0.016406 0.033796
0 0.211719 0.162500 0.016667 0.030556
0 0.221745 0.113426 0.019531 0.030556
0 0.182943 0.180324 0.015365 0.031019
0 0.183984 0.159722 0.016927 0.025000
0 0.185417 0.120139 0.018750 0.029167
0 0.186458 0.095602 0.017188 0.031944
0 0.168099 0.092824 0.023698 0.032870
0 0.234896 0.050231 0.017708 0.025463
0 0.232031 0.033333 0.014063 0.025000
0 0.231510 0.014815 0.015625 0.022222
0 0.193880 0.054630 0.018490 0.032407
0 0.193620 0.028935 0.013281 0.030093
0 0.193620 0.011806 0.017448 0.022685
