1 0.185547 0.466667 0.027344 0.056481
1 0.198958 0.343750 0.027083 0.075463
1 0.241797 0.283796 0.020052 0.037963
1 0.243750 0.247917 0.019792 0.041204
1 0.247917 0.200231 0.022917 0.045833
1 0.249089 0.165509 0.017448 0.037500
1 0.442708 0.056019 0.016146 0.038889
1 0.678125 0.227778 0.029167 0.044444
0 0.660286 0.188657 0.022656 0.041204
0 0.690625 0.275000 0.033333 0.041667
0 0.744922 0.282639 0.032552 0.038426
0 0.620182 0.093519 0.024219 0.037037
0 0.606120 0.061574 0.023177 0.040741
0 0.595052 0.025694 0.017708 0.031944
0 0.482552 0.195139 0.017188 0.041204
0 0.912891 0.277315 0.029427 0.032407
0 0.922786 0.231713 0.024219 0.029167
0 0.908073 0.343750 0.030208 0.054167
0 0.945182 0.412731 0.032552 0.054167
0 0.968099 0.450231 0.028385 0.044907
0 0.508464 0.528935 0.023698 0.058796
0 0.520052 0.595370 0.032292 0.079630
0 0.472135 0.556019 0.026042 0.063889
0 0.496745 0.714583 0.026823 0.069907
0 0.526693 0.880324 0.032552 0.068981
0 0.618880 0.871991 0.033073 0.071759
0 0.582422 0.907176 0.037240 0.086574
0 0.484635 0.275000 0.021875 0.041667
0 0.481120 0.232176 0.035677 0.027315
0 0.465885 0.196065 0.016146 0.032870
0 0.437240 0.159259 0.016667 0.039815
0 0.463542 0.113657 0.018229 0.036574
0 0.456120 0.073611 0.016406 0.041667
0 0.442708 0.033565 0.014583 0.024537
0 0.427083 0.040741 0.017708 0.029630
0 0.414974 0.039583 0.017448 0.028241
0 0.418359 0.061111 0.014844 0.032407
0 0.396484 0.096065 0.019531 0.039352
0 0.585938 0.070370 0.016667 0.029630
0 0.094271 0.951389 0.029167 0.085185
0 0.072135 0.900000 0.030208 0.085185
0 0.103646 0.882407 0.026042 0.063889
0 0.188802 0.927546 0.034896 0.087500
0 0.125651 0.772917 0.029427 0.068056
0 0.075000 0.804630 0.032813 0.080556
0 0.141797 0.612037 0.024740 0.062963
0 0.161328 0.439352 0.020573 0.045370
0 0.173437 0.397222 0.022917 0.053704
0 0.155208 0.396528 0.019271 0.052315
0 0.180078 0.335417 0.019531 0.039352
0 0.238802 0.318750 0.016667 0.039352
0 0.187891 0.252546 0.019010 0.044907
0 0.174870 0.255556 0.015365 0.041667
0 0.225130 0.186343 0.017448 0.037500
0 0.225000 0.159954 0.015104 0.026389
0 0.226302 0.135185 0.016667 0.025926
0 0.263281 0.097917 0.016667 0.037500
0 0.229557 0.097685 0.014323 0.024074
0 0.230208 0.075694 0.015104 0.031944
0 0.214714 0.070833 0.021094 0.035185
0 0.238932 0.036111 0.013281 0.029630
0 0.278906 0.036111 0.015104 0.023148
0 0.278125 0.018519 0.016146 0.022222
0 0.239844 0.012037 0.014583 0.023148
