1 0.169271 0.480324 0.029687 0.057870
1 0.181771 0.354398 0.031250 0.077315
1 0.224219 0.296065 0.018750 0.043981
1 0.226432 0.259491 0.020573 0.042130
1 0.227865 0.210417 0.020833 0.045833
1 0.229167 0.175000 0.018750 0.037963
1 0.421484 0.058333 0.017969 0.040741
1 0.659505 0.220370 0.029948 0.046296
0 0.672786 0.266435 0.033594 0.044907
0 0.727474 0.274769 0.033594 0.034722
0 0.497526 0.527546 0.030469 0.059722
0 0.509635 0.592593 0.028125 0.070370
0 0.461719 0.558565 0.026562 0.065278
0 0.489583 0.712037 0.034375 0.068519
0 0.614062 0.863657 0.039583 0.079167
0 0.576042 0.898380 0.034375 0.082870
0 0.518750 0.875000 0.026042 0.064815
0 0.946745 0.429398 0.032552 0.050463
0 0.927083 0.397685 0.032813 0.052778
0 0.886719 0.327546 0.028646 0.052315
0 0.889193 0.259028 0.028385 0.035648
0 0.901693 0.216667 0.025260 0.028704
0 0.641146 0.184491 0.026562 0.043981
0 0.597396 0.088657 0.022917 0.034722
0 0.586328 0.058565 0.022135 0.034722
0 0.572266 0.021296 0.015885 0.026852
0 0.468359 0.275463 0.024740 0.044444
0 0.462760 0.235185 0.036458 0.035185
0 0.447917 0.199306 0.016667 0.032870
0 0.464323 0.193750 0.022396 0.043056
0 0.416667 0.161574 0.020833 0.037963
0 0.447266 0.117593 0.024219 0.035185
0 0.437240 0.073611 0.020833 0.037963
0 0.421354 0.038426 0.017188 0.024074
0 0.398177 0.066898 0.017708 0.034722
0 0.406901 0.043287 0.018490 0.033796
0 0.393359 0.045139 0.015365 0.024537
0 0.376563 0.102083 0.017188 0.038426
0 0.183333 0.946065 0.028646 0.093056
0 0.084896 0.966204 0.026562 0.067593
0 0.096354 0.905324 0.030729 0.063426
0 0.065495 0.926157 0.030990 0.086574
0 0.114453 0.790278 0.028385 0.070370
0 0.065625 0.830093 0.029687 0.079630
0 0.126562 0.626620 0.026562 0.065278
0 0.146615 0.459028 0.019792 0.046759
0 0.156380 0.408565 0.020573 0.049537
0 0.137760 0.411806 0.020833 0.046759
0 0.164062 0.350926 0.017708 0.044444
0 0.220964 0.329861 0.017448 0.039352
0 0.169271 0.267593 0.020313 0.042593
0 0.154036 0.267593 0.016406 0.043519
0 0.203776 0.193981 0.016927 0.034259
0 0.205339 0.171296 0.017448 0.030556
0 0.205729 0.146065 0.017708 0.026389
0 0.230339 0.151389 0.015885 0.026852
0 0.241797 0.103704 0.019010 0.035185
0 0.207943 0.106713 0.013802 0.028241
0 0.210677 0.087037 0.018229 0.027778
0 0.189974 0.080093 0.023698 0.033333
0 0.217708 0.048843 0.018229 0.035648
0 0.218359 0.020833 0.014844 0.029630
0 0.257031 0.044676 0.017188 0.024537
0 0.255208 0.027083 0.013542 0.023611
0 0.254557 0.008565 0.013802 0.016204
