1 0.156120 0.496759 0.027865 0.062037
1 0.167057 0.371759 0.029427 0.074074
1 0.207422 0.306250 0.020052 0.043056
1 0.209896 0.268519 0.018750 0.039815
1 0.211849 0.219444 0.021094 0.043519
1 0.211458 0.185185 0.017188 0.037037
1 0.403385 0.062269 0.016667 0.034722
1 0.641927 0.219444 0.026562 0.042593
0 0.657422 0.264120 0.030469 0.038426
0 0.711068 0.268519 0.031510 0.027778
0 0.624609 0.182176 0.024740 0.039352
0 0.580469 0.088426 0.020833 0.038889
0 0.567318 0.057870 0.020052 0.031481
0 0.554297 0.021991 0.015885 0.023611
0 0.869271 0.246296 0.026562 0.035185
0 0.880078 0.204861 0.025781 0.028241
0 0.975781 0.174769 0.026042 0.028241
0 0.984766 0.131250 0.021094 0.032870
0 0.867188 0.314815 0.031250 0.052778
0 0.906510 0.380324 0.031250 0.048611
0 0.929818 0.413657 0.028385 0.045833
0 0.982943 0.480556 0.034115 0.037963
0 0.570703 0.896991 0.035156 0.089352
0 0.607552 0.860880 0.038021 0.077315
0 0.514453 0.876852 0.032552 0.070370
0 0.481510 0.714583 0.034375 0.071759
0 0.501823 0.597454 0.037500 0.073611
0 0.485286 0.527083 0.029948 0.056019
0 0.450260 0.562500 0.029687 0.066667
0 0.453516 0.277546 0.023698 0.043056
0 0.448307 0.236343 0.036719 0.026389
0 0.431120 0.197917 0.016406 0.037500
0 0.447266 0.197454 0.020052 0.036574
0 0.402214 0.169676 0.024740 0.042130
0 0.427474 0.122917 0.021094 0.036574
0 0.419271 0.078241 0.017708 0.039815
0 0.359115 0.106944 0.021875 0.037963
0 0.379167 0.070602 0.016667 0.031944
0 0.374349 0.048148 0.017969 0.028704
0 0.387630 0.045833 0.017969 0.030556
0 0.402214 0.038426 0.014323 0.025926
0 0.174479 0.958796 0.027604 0.082407
0 0.088672 0.928241 0.027865 0.061111
0 0.057422 0.947454 0.029948 0.082870
0 0.055339 0.849306 0.029427 0.093056
0 0.105208 0.811574 0.028125 0.075000
0 0.115234 0.647917 0.027344 0.063426
0 0.132552 0.475694 0.020833 0.046759
0 0.141276 0.425926 0.023698 0.052778
0 0.122005 0.426620 0.021094 0.051389
0 0.146875 0.364583 0.021354 0.044907
0 0.204557 0.340509 0.019010 0.037500
0 0.213672 0.161806 0.017969 0.034722
0 0.151953 0.277778 0.019531 0.046296
0 0.136719 0.281713 0.018229 0.051389
0 0.186198 0.208565 0.017708 0.035648
0 0.185807 0.180556 0.016406 0.029630
0 0.187109 0.156713 0.016927 0.031944
0 0.223177 0.112963 0.017708 0.037037
0 0.188542 0.121065 0.017708 0.031019
0 0.189974 0.095370 0.018490 0.030556
0 0.170052 0.090046 0.024479 0.037500
0 0.196094 0.054398 0.020313 0.037500
0 0.236849 0.052546 0.016927 0.029167
0 0.234766 0.035417 0.017448 0.024537
0 0.232943 0.012731 0.011719 0.024537
0 0.196354 0.028704 0.014583 0.033333
0 0.197005 0.010417 0.012760 0.019907
