0 0.166927 0.970602 0.027083 0.058796
0 0.076042 0.957407 0.025000 0.063889
0 0.046094 0.966898 0.028125 0.066204
0 0.041406 0.880324 0.030729 0.082870
0 0.091276 0.834722 0.034115 0.075000
0 0.166536 0.807639 0.023698 0.065278
0 0.098047 0.670139 0.026823 0.065278
0 0.111719 0.492593 0.019271 0.045370
0 0.100391 0.445833 0.021615 0.050000
0 0.119531 0.443287 0.023958 0.046759
0 0.125391 0.382870 0.019531 0.040741
0 0.185026 0.356713 0.015885 0.040278
0 0.126953 0.298148 0.016927 0.049074
0 0.113411 0.300463 0.017448 0.048148
1 0.148047 0.385880 0.032031 0.077315
1 0.186068 0.320139 0.021094 0.043981
1 0.186719 0.284954 0.020833 0.043981
1 0.186719 0.234028 0.025000 0.049537
1 0.187370 0.201852 0.024740 0.039815
0 0.188802 0.172454 0.022917 0.030093
0 0.160156 0.221296 0.018229 0.028704
0 0.160677 0.193056 0.021875 0.032407
0 0.159635 0.169213 0.020313 0.030093
0 0.161198 0.132176 0.017188 0.028241
0 0.197135 0.125694 0.023958 0.031944
0 0.160938 0.108102 0.015625 0.027315
0 0.143490 0.104861 0.025521 0.031019
0 0.167448 0.068519 0.021875 0.032407
0 0.166016 0.042361 0.018490 0.031019
0 0.166667 0.018056 0.019271 0.030556
0 0.206250 0.022454 0.012500 0.025463
0 0.207292 0.008796 0.011979 0.016667
0 0.207161 0.044213 0.015365 0.025463
0 0.208854 0.061111 0.018750 0.024074
0 0.335677 0.113657 0.018750 0.034722
0 0.377995 0.169444 0.026302 0.036111
0 0.409766 0.205093 0.017969 0.041667
0 0.425781 0.201620 0.021354 0.038426
0 0.428906 0.239120 0.034375 0.031019
0 0.432812 0.278241 0.032813 0.039815
0 0.404167 0.126157 0.019792 0.032870
0 0.392969 0.083102 0.016146 0.034722
0 0.354818 0.076157 0.020052 0.032870
0 0.348698 0.054167 0.017188 0.030556
0 0.361589 0.053935 0.015885 0.029167
0 0.376432 0.045370 0.016406 0.024074
1 0.379427 0.068056 0.021354 0.042593
0 0.472526 0.530093 0.031510 0.065741
0 0.488802 0.595602 0.043229 0.077315
0 0.436719 0.566667 0.035937 0.071296
0 0.472786 0.714352 0.042969 0.075000
0 0.510807 0.876852 0.033073 0.075926
0 0.564583 0.896991 0.037500 0.099537
0 0.602734 0.855093 0.045573 0.085185
0 0.636458 0.257407 0.036979 0.047222
0 0.686849 0.258565 0.037760 0.035648
0 0.600260 0.177546 0.025521 0.043056
1 0.619141 0.210648 0.031510 0.046296
0 0.557292 0.084028 0.026042 0.039352
0 0.541146 0.053935 0.026562 0.037500
0 0.527344 0.022685 0.017188 0.032407
0 0.852865 0.188194 0.025521 0.027315
0 0.734245 0.185185 0.020052 0.033333
0 0.843750 0.231713 0.028125 0.030093
0 0.842708 0.297685 0.028646 0.048148
0 0.881771 0.361343 0.034896 0.046759
0 0.905078 0.392593 0.032552 0.047222
0 0.961719 0.454861 0.032813 0.035648
0 0.973958 0.469907 0.034896 0.040741
0 0.941797 0.155324 0.030469 0.026389
0 0.964453 0.068287 0.024740 0.026389
