0 0.562760 0.887269 0.036458 0.084722
0 0.597526 0.847454 0.040365 0.077315
0 0.505208 0.875463 0.034896 0.060185
0 0.466667 0.715509 0.035937 0.074537
0 0.484505 0.596991 0.037240 0.078241
0 0.464062 0.530556 0.033854 0.056481
0 0.430990 0.566435 0.034896 0.062500
0 0.425000 0.281713 0.026042 0.044907
0 0.418490 0.242130 0.039062 0.033333
0 0.399870 0.206250 0.019010 0.035648
0 0.417578 0.200926 0.022656 0.039815
0 0.368750 0.174769 0.022396 0.035648
0 0.393880 0.126852 0.019531 0.031481
0 0.384375 0.085417 0.017708 0.033796
1 0.370312 0.072685 0.020313 0.047222
0 0.351953 0.055093 0.017969 0.023148
0 0.344792 0.079167 0.020833 0.030556
0 0.338672 0.058565 0.016406 0.032870
0 0.366797 0.047917 0.017448 0.028241
0 0.323958 0.114352 0.020313 0.043519
0 0.518099 0.019907 0.015885 0.026852
0 0.532943 0.054630 0.022656 0.033333
0 0.545703 0.084491 0.025260 0.031944
0 0.591276 0.174537 0.024740 0.038889
1 0.611328 0.210880 0.027865 0.043056
0 0.629167 0.255324 0.030729 0.046759
0 0.680469 0.255093 0.032292 0.034259
0 0.724219 0.181944 0.020313 0.037963
0 0.842969 0.181944 0.022917 0.033333
0 0.835286 0.227546 0.022135 0.031944
0 0.894271 0.383565 0.030208 0.043981
0 0.875130 0.354398 0.025781 0.047685
0 0.833333 0.292361 0.026042 0.048611
0 0.949349 0.444444 0.033594 0.038889
0 0.966406 0.463657 0.036979 0.038426
0 0.989323 0.512963 0.021354 0.037037
0 0.931510 0.148843 0.027083 0.029167
0 0.939844 0.107176 0.020833 0.032870
0 0.163932 0.974306 0.028906 0.051389
0 0.073307 0.965741 0.026823 0.059259
0 0.042578 0.975000 0.030990 0.050000
0 0.037630 0.894444 0.037240 0.083333
0 0.091536 0.676157 0.023698 0.064352
0 0.085547 0.845833 0.028385 0.072222
0 0.161849 0.815046 0.021094 0.060648
1 0.129036 0.522685 0.028906 0.056481
0 0.104036 0.500463 0.020573 0.044444
0 0.092839 0.453472 0.020052 0.056019
0 0.112109 0.452546 0.020573 0.053241
1 0.139844 0.395370 0.031771 0.075000
0 0.116406 0.388889 0.018750 0.041667
0 0.103125 0.308565 0.015104 0.043981
0 0.117448 0.302083 0.019792 0.046759
0 0.175521 0.362963 0.017708 0.038889
1 0.176563 0.326620 0.019271 0.041204
1 0.177214 0.289352 0.019010 0.042593
1 0.177083 0.239120 0.020313 0.045833
1 0.176823 0.204861 0.020833 0.039352
0 0.151432 0.228472 0.016927 0.031019
0 0.150391 0.199537 0.014844 0.029630
0 0.150391 0.175231 0.016927 0.024537
0 0.177083 0.177778 0.019271 0.025926
0 0.186068 0.128935 0.022135 0.033796
0 0.151042 0.138657 0.016667 0.024537
0 0.152474 0.114120 0.019010 0.031019
0 0.129557 0.111806 0.027344 0.032870
0 0.156641 0.073611 0.017969 0.030556
0 0.157292 0.047917 0.017188 0.030093
0 0.157422 0.021759 0.016406 0.029630
0 0.196615 0.010417 0.016146 0.019907
0 0.193880 0.028472 0.017969 0.024537
0 0.195573 0.050926 0.017708 0.024074
0 0.199479 0.067593 0.018750 0.022222
