1 0.566536 0.903472 0.153385 0.116204
1 0.146615 0.581481 0.039583 0.069444
1 0.091536 0.586806 0.030990 0.073611
1 0.255208 0.068981 0.021354 0.061111
1 0.387370 0.308333 0.030990 0.051852
1 0.581120 0.350000 0.040885 0.034259
1 0.622656 0.231019 0.016667 0.050926
1 0.619010 0.193056 0.016146 0.035185
1 0.620833 0.150000 0.016146 0.042593
1 0.621094 0.124537 0.018750 0.028704
1 0.645703 0.085648 0.023177 0.051852
1 0.647917 0.022222 0.015625 0.043519
1 0.647917 0.152778 0.020313 0.038889
0 0.665495 0.041667 0.011719 0.025000
0 0.663932 0.065741 0.016406 0.036111
0 0.674349 0.065972 0.017448 0.041204
0 0.689974 0.067130 0.015365 0.036111
0 0.664714 0.099306 0.014323 0.043056
0 0.671745 0.162963 0.011198 0.032407
0 0.685417 0.162963 0.017708 0.033333
0 0.650260 0.179167 0.019792 0.047222
0 0.645964 0.219444 0.020052 0.044444
0 0.653646 0.257639 0.018750 0.031019
0 0.636068 0.200463 0.017969 0.047222
0 0.651432 0.284491 0.015885 0.030093
0 0.690365 0.339120 0.019271 0.045833
0 0.654297 0.343056 0.017448 0.045370
0 0.608464 0.330556 0.024219 0.054630
0 0.654167 0.376852 0.024479 0.040741
0 0.678646 0.389583 0.031250 0.052315
0 0.598177 0.428935 0.028646 0.050463
0 0.597656 0.478472 0.019792 0.056019
0 0.659115 0.517130 0.021354 0.052778
0 0.598177 0.525000 0.021354 0.047222
0 0.658854 0.565046 0.025000 0.062500
0 0.594010 0.578241 0.019792 0.065741
0 0.655208 0.623611 0.022396 0.058333
0 0.592448 0.704630 0.023958 0.063889
0 0.465625 0.773843 0.048438 0.041204
0 0.295573 0.777778 0.041146 0.034259
0 0.202344 0.258796 0.026562 0.050000
0 0.179167 0.315741 0.028646 0.045370
0 0.149219 0.352778 0.038021 0.037037
0 0.129036 0.423843 0.022656 0.040278
0 0.101042 0.397222 0.035417 0.033333
0 0.059505 0.397222 0.044531 0.034259
0 0.085677 0.432407 0.029167 0.037037
0 0.067839 0.436806 0.027865 0.043056
0 0.050391 0.433796 0.040885 0.047222
0 0.121224 0.475000 0.041927 0.048148
0 0.156380 0.531481 0.036198 0.044444
0 0.110547 0.524306 0.036719 0.051389
0 0.081120 0.523611 0.040885 0.030556
0 0.017969 0.523380 0.035417 0.056019
0 0.073438 0.543056 0.043229 0.036111
0 0.067187 0.574074 0.038021 0.028704
0 0.058333 0.589583 0.036458 0.034722
0 0.053776 0.614815 0.043490 0.036111
0 0.128906 0.640046 0.034896 0.049537
0 0.041667 0.645370 0.046875 0.029630
0 0.092578 0.794444 0.058594 0.037037
0 0.414193 0.353935 0.020573 0.044907
0 0.394661 0.352778 0.021094 0.052778
0 0.375000 0.350231 0.019792 0.041204
0 0.415625 0.314120 0.020313 0.045833
0 0.453385 0.269676 0.016667 0.061574
0 0.375781 0.279398 0.025521 0.036574
0 0.388802 0.225463 0.019792 0.035185
0 0.427474 0.182407 0.017448 0.045370
0 0.415625 0.146065 0.019271 0.040278
0 0.399479 0.143287 0.019271 0.032870
0 0.410417 0.111806 0.033854 0.025463
0 0.420703 0.082176 0.024740 0.030093
0 0.619661 0.096065 0.020052 0.039352
0 0.632812 0.021991 0.017188 0.043056
0 0.981901 0.042130 0.027344 0.044444
