1 0.146484 0.503935 0.026823 0.058796
1 0.156901 0.378472 0.029948 0.075463
1 0.197396 0.312963 0.018750 0.040741
1 0.197396 0.276620 0.019792 0.042130
1 0.199740 0.225463 0.020313 0.046296
1 0.198958 0.191435 0.019271 0.039352
1 0.631901 0.215278 0.029427 0.043519
1 0.392578 0.065972 0.019010 0.039352
0 0.391276 0.042824 0.014844 0.024537
0 0.375651 0.048148 0.015365 0.029630
0 0.362630 0.050000 0.015365 0.027778
0 0.367188 0.071528 0.019271 0.030093
0 0.406510 0.079630 0.015104 0.031481
0 0.416146 0.122917 0.022917 0.035648
0 0.390885 0.169907 0.022396 0.034259
0 0.346224 0.108333 0.019531 0.034259
0 0.421094 0.201157 0.018750 0.037500
0 0.438151 0.199306 0.020052 0.035648
0 0.437109 0.237037 0.034635 0.028704
0 0.443099 0.275000 0.023698 0.045370
0 0.445052 0.563426 0.028646 0.063889
0 0.480729 0.529167 0.027604 0.050926
0 0.495052 0.595370 0.031250 0.067593
0 0.479167 0.717593 0.036979 0.069444
0 0.513281 0.875463 0.030729 0.065741
0 0.567578 0.897222 0.038281 0.083333
0 0.606380 0.857176 0.042448 0.081019
0 0.975521 0.468519 0.031250 0.039815
0 0.985156 0.485185 0.029687 0.041667
0 0.917708 0.406019 0.027083 0.043519
0 0.897266 0.372222 0.031510 0.047222
0 0.857422 0.308796 0.029427 0.048148
0 0.869792 0.199074 0.027083 0.031481
0 0.959635 0.165046 0.030729 0.033796
0 0.982812 0.078472 0.026562 0.031019
0 0.969401 0.120833 0.022135 0.035185
0 0.748437 0.193981 0.017708 0.036111
0 0.700521 0.263194 0.030729 0.033796
0 0.647266 0.263194 0.033594 0.041204
0 0.568880 0.082870 0.024219 0.036111
0 0.555208 0.054398 0.022917 0.034722
0 0.541536 0.021528 0.016927 0.027315
0 0.613932 0.178241 0.024740 0.044444
0 0.171875 0.966204 0.028125 0.067593
0 0.082292 0.937500 0.025521 0.062037
0 0.052995 0.960880 0.027344 0.078241
0 0.050651 0.863889 0.033073 0.079630
0 0.098568 0.821065 0.024219 0.067130
0 0.107292 0.655324 0.024479 0.064352
0 0.123047 0.482176 0.019010 0.043981
0 0.112500 0.434028 0.019271 0.049537
0 0.131120 0.432639 0.021615 0.045833
0 0.195312 0.348611 0.018750 0.038889
0 0.137370 0.370602 0.016927 0.036574
0 0.124740 0.290046 0.016667 0.043981
0 0.139844 0.287037 0.020833 0.042593
0 0.203125 0.166667 0.018750 0.027778
0 0.210286 0.118981 0.021615 0.031481
0 0.175521 0.214815 0.017708 0.032407
0 0.174870 0.186806 0.016406 0.029167
0 0.174609 0.162963 0.017969 0.025926
0 0.178385 0.125926 0.019792 0.029630
0 0.177865 0.101620 0.018750 0.027315
0 0.157031 0.096528 0.025521 0.031944
0 0.182292 0.063426 0.018750 0.031481
0 0.183724 0.034491 0.019010 0.031019
0 0.184115 0.012731 0.017708 0.023611
0 0.221615 0.019213 0.016667 0.026389
0 0.221615 0.039120 0.015625 0.021759
0 0.223958 0.055093 0.016667 0.025000
