1 0.161198 0.490741 0.029167 0.056481
1 0.173828 0.366435 0.027865 0.071759
1 0.213542 0.302778 0.020833 0.041667
1 0.214844 0.265741 0.022396 0.039815
1 0.217318 0.216204 0.020573 0.042593
1 0.217969 0.180787 0.020833 0.033796
1 0.411719 0.064583 0.019271 0.045833
1 0.649219 0.218056 0.029687 0.046296
0 0.664583 0.265741 0.036458 0.043519
0 0.631380 0.182639 0.027344 0.051389
0 0.588411 0.089583 0.024219 0.038426
0 0.573568 0.055324 0.025260 0.040278
0 0.561719 0.022685 0.020313 0.026852
0 0.433724 0.121296 0.025260 0.031481
0 0.425911 0.078472 0.019010 0.031944
0 0.395573 0.048843 0.014583 0.031019
0 0.409635 0.037269 0.016667 0.024537
0 0.382292 0.046991 0.021354 0.028241
0 0.387240 0.070370 0.018750 0.035185
0 0.363672 0.104630 0.019010 0.037037
0 0.407161 0.165046 0.022135 0.040278
0 0.437109 0.198148 0.019010 0.044444
0 0.454557 0.193287 0.023698 0.046759
0 0.452865 0.234491 0.038542 0.035648
0 0.459766 0.276157 0.022135 0.047685
0 0.490234 0.528009 0.033594 0.062500
0 0.504167 0.595370 0.035417 0.079630
0 0.452995 0.561574 0.029948 0.070370
0 0.486458 0.714352 0.050000 0.078704
0 0.517318 0.876389 0.035156 0.073148
0 0.571354 0.894444 0.036458 0.087963
0 0.612891 0.863889 0.051823 0.077778
0 0.936979 0.418981 0.030208 0.043519
0 0.987240 0.486806 0.025521 0.048611
0 0.913932 0.386111 0.036198 0.052778
0 0.873568 0.320602 0.030990 0.057870
0 0.767188 0.203704 0.023958 0.034259
0 0.880729 0.251620 0.030208 0.035648
0 0.981250 0.179630 0.033854 0.039815
0 0.887891 0.208565 0.028906 0.031944
0 0.718099 0.271296 0.034115 0.034259
0 0.730729 0.044444 0.027083 0.031481
0 0.176823 0.954398 0.041146 0.089352
0 0.080469 0.974306 0.029167 0.051389
0 0.090104 0.918750 0.030208 0.057870
0 0.061589 0.940741 0.030990 0.082407
0 0.060026 0.844444 0.031510 0.081481
0 0.108203 0.804167 0.029427 0.074074
0 0.119141 0.638426 0.025260 0.065741
0 0.137760 0.466435 0.019792 0.047685
0 0.149349 0.420370 0.022656 0.054630
0 0.126823 0.423611 0.022917 0.055556
0 0.154557 0.359954 0.023177 0.046759
0 0.159115 0.273843 0.020833 0.048611
0 0.143490 0.280324 0.019271 0.049537
0 0.211198 0.338194 0.017188 0.043056
0 0.194922 0.206481 0.019531 0.037037
0 0.193750 0.179398 0.017708 0.039352
0 0.194271 0.153472 0.018229 0.031019
0 0.220182 0.156944 0.014323 0.025926
0 0.231641 0.109722 0.022135 0.039815
0 0.196484 0.115972 0.017969 0.034722
0 0.197135 0.090972 0.015625 0.029167
0 0.176953 0.089120 0.025781 0.035648
0 0.204818 0.052083 0.016406 0.033796
0 0.245312 0.050694 0.019792 0.026389
0 0.242839 0.032639 0.016406 0.026389
0 0.242448 0.011111 0.013021 0.021296
0 0.203255 0.025231 0.016927 0.031019
