1 0.581510 0.917593 0.117708 0.100000
1 0.621094 0.223148 0.020833 0.054630
1 0.582031 0.343519 0.046875 0.045370
1 0.620052 0.186806 0.017188 0.034722
1 0.622005 0.147917 0.019010 0.036574
1 0.621745 0.118981 0.015885 0.037963
1 0.646224 0.020370 0.021615 0.039815
1 0.647005 0.079861 0.023698 0.065278
1 0.647526 0.144907 0.022656 0.045370
1 0.383594 0.302778 0.018229 0.053704
1 0.251823 0.062500 0.016667 0.053704
0 0.196484 0.245370 0.025260 0.052778
1 0.143880 0.575694 0.036198 0.067130
1 0.088411 0.578241 0.032031 0.070370
0 0.178516 0.308796 0.023698 0.045370
0 0.194401 0.314583 0.016406 0.043981
0 0.150391 0.341435 0.036198 0.032870
0 0.126562 0.414583 0.025000 0.040278
0 0.098568 0.391898 0.034635 0.031019
0 0.059505 0.390509 0.041406 0.036574
0 0.083203 0.426852 0.023177 0.046296
0 0.063932 0.429167 0.030990 0.045370
0 0.047526 0.426620 0.026823 0.050463
0 0.010417 0.515972 0.020313 0.044907
0 0.122005 0.473380 0.026302 0.053241
0 0.153646 0.522454 0.026042 0.060648
0 0.106250 0.521296 0.020313 0.056481
0 0.078776 0.514120 0.036719 0.030093
0 0.071354 0.537500 0.042708 0.025926
0 0.064453 0.563657 0.042448 0.046759
0 0.052214 0.587269 0.042448 0.032870
0 0.045573 0.606019 0.054167 0.036111
0 0.039844 0.636806 0.053125 0.041204
0 0.128385 0.636343 0.026562 0.052315
0 0.107292 0.785880 0.052083 0.062500
0 0.294922 0.771528 0.047135 0.053241
0 0.462240 0.767593 0.050521 0.049074
0 0.413021 0.349769 0.021875 0.031019
0 0.395703 0.350231 0.022656 0.060648
0 0.376563 0.347685 0.018229 0.043519
0 0.454036 0.274306 0.019531 0.047685
0 0.414453 0.315046 0.020573 0.043981
0 0.379818 0.278009 0.022656 0.042130
0 0.388672 0.220602 0.017448 0.040278
0 0.429167 0.180324 0.018229 0.038426
0 0.413542 0.142593 0.016146 0.035185
0 0.398307 0.135417 0.018490 0.039352
0 0.410417 0.104398 0.034896 0.027315
0 0.417578 0.076620 0.016406 0.030093
0 0.666016 0.034028 0.013802 0.028241
0 0.664714 0.062500 0.017448 0.034259
0 0.678385 0.065972 0.013542 0.031019
0 0.691406 0.063889 0.012500 0.035185
0 0.665495 0.093056 0.011198 0.037037
0 0.672005 0.150926 0.015365 0.037963
0 0.686458 0.154398 0.018229 0.039352
0 0.649870 0.174537 0.014323 0.035185
0 0.637760 0.186343 0.014583 0.042130
0 0.649609 0.215509 0.017969 0.043981
0 0.651302 0.251620 0.014583 0.036574
0 0.651432 0.280787 0.016927 0.040278
0 0.609766 0.321296 0.029948 0.046296
0 0.654948 0.334722 0.019792 0.047222
0 0.693359 0.334028 0.022656 0.054167
0 0.661849 0.370602 0.022135 0.042130
0 0.680729 0.390972 0.028125 0.049537
0 0.593229 0.424537 0.031250 0.058333
0 0.598958 0.473148 0.025521 0.058333
0 0.599870 0.523380 0.027344 0.045833
0 0.598568 0.574074 0.022656 0.059259
0 0.659505 0.510880 0.025260 0.055093
0 0.660417 0.563194 0.025000 0.065278
0 0.659766 0.620833 0.024740 0.058333
0 0.594271 0.697222 0.026042 0.057407
0 0.987891 0.060417 0.024219 0.056019
