1 0.165495 0.485880 0.028906 0.057870
1 0.177734 0.362500 0.029427 0.072222
1 0.217578 0.297222 0.021094 0.043519
1 0.218750 0.261111 0.019271 0.042593
1 0.222005 0.212500 0.022656 0.044444
1 0.221615 0.180324 0.020833 0.040278
1 0.415755 0.061343 0.020573 0.043981
1 0.652604 0.219676 0.028646 0.041204
0 0.882031 0.254398 0.034896 0.036574
0 0.875521 0.323148 0.037500 0.055556
0 0.918490 0.390509 0.035417 0.055093
0 0.939844 0.423148 0.032813 0.049074
0 0.492448 0.528935 0.032813 0.057870
0 0.506120 0.595370 0.039323 0.075926
0 0.457292 0.556481 0.032292 0.075926
0 0.488281 0.713426 0.034896 0.084259
0 0.518229 0.877315 0.038021 0.075926
0 0.574349 0.899769 0.038281 0.086574
0 0.612240 0.860648 0.040625 0.086111
0 0.667578 0.266435 0.033073 0.046759
0 0.719271 0.272454 0.037500 0.036574
0 0.592448 0.090278 0.029167 0.039815
0 0.578776 0.057639 0.021094 0.040278
0 0.566146 0.023148 0.016146 0.027778
0 0.769271 0.202083 0.023438 0.036574
0 0.893359 0.212269 0.029427 0.034722
0 0.634115 0.183102 0.026042 0.045833
0 0.461328 0.278704 0.029427 0.041667
0 0.457031 0.235185 0.038021 0.025926
0 0.439844 0.197454 0.020833 0.041204
0 0.457292 0.193287 0.023438 0.041204
0 0.438151 0.118750 0.021094 0.035648
0 0.429688 0.073843 0.018229 0.036574
0 0.412500 0.166204 0.019271 0.048148
0 0.369010 0.101157 0.022396 0.045833
0 0.391927 0.069444 0.018750 0.037037
0 0.387630 0.047685 0.015885 0.027778
0 0.399089 0.047917 0.016927 0.031944
0 0.415234 0.038889 0.017969 0.028704
0 0.082943 0.970833 0.028385 0.058333
0 0.179167 0.951389 0.032813 0.092593
0 0.092969 0.916204 0.030208 0.062037
0 0.064062 0.934259 0.036458 0.077778
0 0.063281 0.839352 0.034896 0.072222
0 0.107031 0.793056 0.035417 0.076852
0 0.123698 0.635648 0.037500 0.062963
0 0.143099 0.462500 0.021094 0.044444
0 0.152214 0.413426 0.023177 0.051852
0 0.132552 0.414583 0.020833 0.055093
0 0.159505 0.355787 0.018490 0.036574
0 0.215234 0.331944 0.019010 0.038889
0 0.163672 0.271528 0.019010 0.043056
0 0.146745 0.275000 0.020052 0.040741
0 0.224479 0.153472 0.018750 0.028241
0 0.197135 0.202546 0.021354 0.033796
0 0.196615 0.172222 0.016146 0.031481
0 0.200000 0.149537 0.019792 0.026852
0 0.235937 0.106713 0.019271 0.035648
0 0.200781 0.109954 0.016667 0.030093
0 0.201693 0.089120 0.015885 0.027315
0 0.183724 0.083333 0.025781 0.035185
0 0.208333 0.048611 0.018750 0.034259
0 0.208333 0.022685 0.020313 0.032407
0 0.251172 0.046296 0.017448 0.023148
0 0.248177 0.030093 0.016146 0.024074
0 0.246745 0.010417 0.012240 0.019907
