1 0.172266 0.476389 0.024219 0.055556
1 0.186068 0.352315 0.029427 0.078704
1 0.228255 0.295139 0.020052 0.042130
1 0.229687 0.256713 0.017708 0.039352
1 0.231380 0.206019 0.022656 0.045370
1 0.232552 0.173148 0.021875 0.037037
1 0.662630 0.222685 0.026302 0.044444
1 0.425781 0.057639 0.017708 0.041204
0 0.397656 0.043519 0.014063 0.023148
0 0.410677 0.040972 0.016146 0.030093
0 0.425000 0.035880 0.014063 0.024537
0 0.441406 0.071991 0.020833 0.032870
0 0.448047 0.116435 0.016406 0.031944
0 0.403646 0.066204 0.018229 0.028704
0 0.382422 0.103241 0.023698 0.040741
0 0.422526 0.162963 0.019010 0.033333
0 0.451172 0.195833 0.017448 0.037963
0 0.467448 0.194676 0.019792 0.038426
0 0.465104 0.232407 0.038542 0.025926
0 0.470313 0.275000 0.020833 0.040741
0 0.499089 0.523380 0.028906 0.056019
0 0.512760 0.593750 0.033333 0.069907
0 0.463672 0.557176 0.027865 0.067130
0 0.492839 0.712500 0.037760 0.074074
0 0.614453 0.864352 0.038802 0.080556
0 0.575521 0.899769 0.035417 0.085648
0 0.520833 0.875926 0.030208 0.057407
0 0.676953 0.268750 0.032031 0.044907
0 0.730208 0.276852 0.034375 0.037037
0 0.644661 0.185880 0.023698 0.039352
0 0.602474 0.091204 0.022656 0.037963
0 0.591016 0.058565 0.020052 0.036574
0 0.577214 0.022685 0.016927 0.025926
0 0.951302 0.431481 0.032813 0.049074
0 0.932161 0.397685 0.035156 0.052778
0 0.889844 0.329861 0.029167 0.050463
0 0.893099 0.262269 0.029427 0.033796
0 0.907031 0.220833 0.023958 0.031481
0 0.183724 0.943981 0.031510 0.096296
0 0.086719 0.963889 0.032292 0.072222
0 0.097396 0.897917 0.028646 0.062500
0 0.069141 0.922222 0.033594 0.083333
0 0.067708 0.825926 0.030729 0.081481
0 0.115755 0.785185 0.025260 0.075000
0 0.129036 0.623148 0.025260 0.066667
0 0.150781 0.455324 0.017188 0.044907
0 0.160026 0.407407 0.022135 0.049074
0 0.141016 0.410185 0.022656 0.050000
0 0.166927 0.345833 0.020833 0.042593
0 0.224609 0.328009 0.016927 0.036574
0 0.173568 0.261343 0.019531 0.044907
0 0.158854 0.267130 0.019271 0.048148
0 0.209766 0.192130 0.019010 0.036111
0 0.209505 0.166898 0.015365 0.032870
0 0.235547 0.147917 0.015365 0.030093
0 0.210547 0.143750 0.019010 0.030093
0 0.245833 0.101389 0.018750 0.035185
0 0.211979 0.106481 0.018750 0.031481
0 0.214323 0.083565 0.015104 0.029167
0 0.196615 0.077778 0.022396 0.038889
0 0.222396 0.045833 0.016146 0.034259
0 0.222005 0.018287 0.015365 0.031019
0 0.263281 0.040741 0.017708 0.025000
0 0.260286 0.025000 0.011719 0.023148
0 0.259115 0.007639 0.011458 0.014352
