0 0.482422 0.599769 0.041927 0.078241
0 0.463672 0.534028 0.039844 0.070833
0 0.428776 0.571296 0.030990 0.080556
0 0.466146 0.716204 0.054167 0.088889
0 0.596745 0.855556 0.044531 0.089815
0 0.559896 0.893519 0.048958 0.100926
0 0.505599 0.877083 0.037760 0.080093
0 0.086068 0.856944 0.038281 0.086111
0 0.088151 0.686806 0.029427 0.074537
1 0.126693 0.528009 0.035156 0.064352
1 0.135417 0.404630 0.032813 0.082407
0 0.086198 0.463657 0.025000 0.055093
0 0.107422 0.456019 0.023698 0.050926
0 0.099870 0.506481 0.021094 0.053704
0 0.113151 0.395833 0.023177 0.053704
0 0.098047 0.315741 0.020052 0.058333
0 0.113802 0.308796 0.026042 0.054630
0 0.422917 0.286111 0.030729 0.050926
0 0.624740 0.256019 0.041146 0.046296
0 0.675521 0.252083 0.036979 0.043981
1 0.607422 0.212269 0.031510 0.051389
0 0.587500 0.174769 0.025000 0.052315
0 0.542448 0.086343 0.024479 0.045833
0 0.525521 0.050231 0.027083 0.045833
0 0.511719 0.023380 0.018750 0.029167
0 0.414323 0.242593 0.036979 0.041667
0 0.396224 0.206944 0.024740 0.049074
0 0.414193 0.205556 0.020573 0.045370
0 0.366016 0.178935 0.026823 0.051389
0 0.387370 0.128241 0.024740 0.038889
0 0.319271 0.119907 0.028125 0.040741
0 0.339714 0.081019 0.017448 0.033333
0 0.346615 0.058565 0.017188 0.029167
0 0.362370 0.050231 0.017448 0.025463
1 0.363672 0.071528 0.019010 0.042130
0 0.379297 0.085185 0.020052 0.037963
0 0.335026 0.061806 0.017969 0.030093
0 0.171224 0.366667 0.017448 0.045370
1 0.171875 0.329630 0.021354 0.042593
1 0.172917 0.293056 0.020313 0.043519
1 0.172396 0.243056 0.022396 0.046296
1 0.171745 0.209259 0.024219 0.037963
0 0.146224 0.234491 0.018490 0.032870
0 0.146094 0.203704 0.019271 0.030556
0 0.145313 0.178241 0.016667 0.027778
0 0.172917 0.181944 0.015625 0.028704
0 0.146875 0.142593 0.017708 0.032407
0 0.182422 0.132870 0.020573 0.040741
0 0.145443 0.117593 0.017448 0.033333
0 0.125521 0.114352 0.025000 0.037963
0 0.149870 0.076620 0.018490 0.031944
0 0.149349 0.049769 0.017448 0.028241
0 0.151172 0.028009 0.020052 0.029167
0 0.190365 0.012731 0.014583 0.021759
0 0.189193 0.031481 0.017448 0.025926
0 0.189844 0.052546 0.017708 0.021759
0 0.193099 0.068981 0.020573 0.023148
0 0.889844 0.380093 0.028125 0.046296
0 0.946094 0.439583 0.032292 0.040278
0 0.959766 0.459491 0.036719 0.043981
0 0.986849 0.509028 0.026302 0.038426
0 0.836719 0.181944 0.025000 0.031481
0 0.829948 0.223380 0.022917 0.028241
0 0.720443 0.183333 0.020573 0.031481
0 0.163281 0.972917 0.025521 0.054167
0 0.069922 0.968519 0.025781 0.062963
0 0.041276 0.976389 0.025781 0.047222
0 0.035807 0.897222 0.030469 0.085185
