1 0.584115 0.908565 0.127083 0.102315
1 0.581250 0.343287 0.037500 0.053241
1 0.384505 0.301157 0.020573 0.053241
1 0.620313 0.225694 0.016146 0.056019
1 0.620052 0.191435 0.024479 0.058796
1 0.648047 0.140509 0.020573 0.041204
1 0.619661 0.152083 0.019010 0.053241
1 0.621224 0.124074 0.019010 0.051852
1 0.648698 0.085880 0.020833 0.068056
1 0.645312 0.020139 0.018229 0.039352
1 0.250000 0.056713 0.021354 0.067130
1 0.141797 0.574074 0.025260 0.072222
1 0.086979 0.573380 0.030729 0.073611
0 0.199479 0.246528 0.025000 0.050463
0 0.195703 0.313194 0.022656 0.050463
0 0.177865 0.308565 0.019792 0.049537
0 0.149349 0.343056 0.041406 0.044444
0 0.125651 0.411111 0.024219 0.041667
0 0.100130 0.395139 0.036719 0.032870
0 0.057943 0.394213 0.041927 0.039352
0 0.083203 0.427778 0.023177 0.042593
0 0.064062 0.429167 0.026562 0.047222
0 0.046615 0.424769 0.031771 0.066204
0 0.011849 0.515972 0.023177 0.051389
0 0.118620 0.470370 0.038281 0.057407
0 0.152995 0.521991 0.022656 0.055093
0 0.105859 0.522917 0.023177 0.051389
0 0.081510 0.517361 0.042708 0.036574
0 0.071354 0.538889 0.040104 0.033333
0 0.057552 0.560880 0.045312 0.040278
0 0.055729 0.586111 0.040625 0.033333
0 0.047786 0.609259 0.037240 0.033333
0 0.038802 0.635417 0.039583 0.029167
0 0.128906 0.633796 0.032813 0.045370
0 0.105990 0.789120 0.052604 0.058796
0 0.291276 0.770602 0.049740 0.049537
0 0.461719 0.762963 0.050000 0.048148
0 0.453776 0.273611 0.019010 0.045370
0 0.429297 0.178704 0.016927 0.048148
0 0.413542 0.310185 0.022917 0.047222
0 0.410156 0.345602 0.023958 0.042130
0 0.396354 0.347222 0.018750 0.059259
0 0.374740 0.342130 0.013021 0.055556
0 0.376953 0.279861 0.022135 0.041204
0 0.388411 0.222917 0.022135 0.043981
0 0.415885 0.138426 0.013542 0.033333
0 0.397656 0.133796 0.017188 0.034259
0 0.410807 0.107176 0.030469 0.029167
0 0.419010 0.073148 0.019792 0.037037
0 0.666536 0.033565 0.016406 0.029167
0 0.662891 0.061574 0.016927 0.036111
0 0.676432 0.064815 0.016927 0.047222
0 0.689974 0.065509 0.010156 0.042130
0 0.685807 0.159028 0.014323 0.036574
0 0.672005 0.158102 0.016927 0.040278
0 0.649349 0.176620 0.019010 0.041204
0 0.634896 0.182639 0.014063 0.051389
0 0.647396 0.214120 0.018750 0.041204
0 0.606250 0.317593 0.032813 0.049074
0 0.651302 0.249769 0.018750 0.038426
0 0.651563 0.279861 0.020313 0.038426
0 0.655078 0.334722 0.015885 0.050926
0 0.690365 0.336111 0.020833 0.058333
0 0.655078 0.377546 0.021615 0.048611
0 0.679948 0.386574 0.031771 0.062037
0 0.595052 0.422917 0.028125 0.062500
0 0.598698 0.473148 0.023438 0.062037
0 0.598958 0.525463 0.019271 0.046296
0 0.597266 0.579861 0.020573 0.072685
0 0.660417 0.506713 0.023438 0.059722
0 0.660417 0.559259 0.024479 0.057407
0 0.659115 0.616435 0.026042 0.067130
0 0.590365 0.696991 0.026042 0.059722
0 0.987891 0.059259 0.024219 0.050000
